version: 1
creator: callgrind-3.11.0
pid: 3517
cmd:  ./quest2
part: 1


desc: I1 cache: 
desc: D1 cache: 
desc: LL cache: 

desc: Timerange: Basic block 0 - 25144
desc: Trigger: Program termination

positions: line
events: Ir
summary: 120243


ob=(4) /usr/lib/valgrind/vgpreload_core-amd64-linux.so
fl=(51) ???
fn=(378) 0x00000000000005c0
0 9

fn=(212) 0x0000000000000690
0 17

fn=(360) 0x0000000000000650
0 8
cob=(3) /lib/x86_64-linux-gnu/libc-2.21.so
cfi=(83) /build/glibc-qbmteM/glibc-2.21/stdlib/cxa_finalize.c
cfn=(372) __cxa_finalize
calls=1 31 
0 53
cob=(1) /lib/x86_64-linux-gnu/ld-2.21.so
cfi=(62) /build/glibc-qbmteM/glibc-2.21/elf/../sysdeps/x86_64/dl-trampoline.S
cfn=(252) _dl_runtime_resolve
calls=1 58 
0 716
0 5
0 1
cfn=(378)
calls=1 0 
0 9
0 3

ob=(3)
fl=(52) /build/glibc-qbmteM/glibc-2.21/csu/../csu/init-first.c
fn=(220) _init
52 8
+6 3
+14 1
fi=(54) /build/glibc-qbmteM/glibc-2.21/csu/../sysdeps/unix/sysv/linux/x86_64/init-first.c
-34 1
fe=(52)
+32 1
+1 1
fi=(54)
-33 3
fe=(52)
+34 1
fi=(54)
-34 3
fi=(53) /build/glibc-qbmteM/glibc-2.21/csu/../sysdeps/generic/dl-hash.h
+10 3
+1 2
+13 2
-17 3
+3 9
+1 6
+13 6
-17 9
+22 1
fi=(54)
-29 2
+2 2
-2 1
+2 2
cfi=(46) /build/glibc-qbmteM/glibc-2.21/elf/../sysdeps/unix/sysv/linux/dl-vdso.c
cfn=(180) _dl_vdso_vsym
calls=1 -13 
* 6
+1 2
+5 2
-3 2
+1 1
+2 1
cfi=(46)
cfn=(180)
calls=1 -19 
* 6
+4 2
fe=(52)
+36 1
fi=(54)
-36 1
fe=(52)
+36 2
fi=(54)
-35 2
+1 1
fe=(52)
+34 1
cfi=(55) /build/glibc-qbmteM/glibc-2.21/misc/init-misc.c
cfn=(226) __init_misc
calls=1 -55 
* 48
+8 1
cfi=(57) /build/glibc-qbmteM/glibc-2.21/ctype/ctype-info.c
cfn=(230) __ctype_init
calls=1 -63 
* 16
+5 6
-34 1
-7 1
+7 4
fi=(54)
-23 2
fe=(52)

fl=(67) /build/glibc-qbmteM/glibc-2.21/setjmp/../sysdeps/x86_64/setjmp.S
fn=(280) __sigsetjmp
26 1
+9 1
+1 2
+1 1
+4 1
+1 1
+1 1
+1 1
+1 1
+2 2
+2 1
+1 1
+1 1
+2 2
+2 1
+9 1
cfi=(68) /build/glibc-qbmteM/glibc-2.21/setjmp/sigjmp.c
cfn=(282) __sigjmp_save
calls=1 -35 
* 9

fl=(81) /build/glibc-qbmteM/glibc-2.21/stdlib/cxa_thread_atexit_impl.c
fn=(334) __call_tls_dtors
82 3
+1 2
cob=(1)
cfi=(30) /build/glibc-qbmteM/glibc-2.21/elf/dl-tls.c
cfn=(342) __tls_get_addr
calls=1 828 
* 11
cob=(1)
cfi=(62)
cfn=(252)
calls=1 -25 
* 1004
* 5
* 3
+18 4

fl=(48) /build/glibc-qbmteM/glibc-2.21/string/../sysdeps/x86_64/multiarch/memmove.c
fn=(188) memcpy@GLIBC_2.2.5
51 1
-51 9

fl=(72) /build/glibc-qbmteM/glibc-2.21/libio/fileops.c
fn=(316) _IO_do_write@@GLIBC_2.2.5
482 9
+1 1
-3 16
+11 4
+7 8
+8 10
cfn=(324) _IO_file_write@@GLIBC_2.2.5
calls=2 1244 
* 86
* 2
+1 10
+6 2
-4 2
+4 2
-4 6
+1 4
+3 2
-31 4
+29 2
-29 4
+1 12
+29 4

fn=(390) _IO_file_setbuf@@GLIBC_2.2.5
438 2
+1 1
cfi=(73) /build/glibc-qbmteM/glibc-2.21/libio/genops.c
cfn=(392) _IO_default_setbuf
calls=1 557 
* 51
* 2
+4 2
-1 2
+2 3
+2 1
+1 2

fn=(302) _IO_file_overflow@@GLIBC_2.2.5
795 21
+1 7
-1 7
+1 14
+7 45
+35 14
+3 8
+3 12
+1 12
+1 8
+4 4
+1 16
-45 2
+12 2
+9 4
+4 1
+3 1
-2 1
+2 1
-2 1
-3 1
+5 1
+1 2
-5 1
+5 4
+1 2
+3 3
+1 3
+11 9
-12 3
cfn=(316)
calls=3 482 
* 190
-31 2
cfi=(73)
cfn=(304) _IO_doallocbuf
calls=1 415 
* 113
+1 6

fn=(300) _IO_file_xsputn@@GLIBC_2.2.5
1268 82
+7 41
-7 246
+6 82
+7 246
+17 4
+4 43
+5 200
cfi=(77) /build/glibc-qbmteM/glibc-2.21/string/../sysdeps/x86_64/memcpy.S
cfn=(320) __GI_mempcpy
calls=40 61 
* 807
* 40
+6 40
-1 40
+1 80
+2 80
+27 82
+1 328
-45 2
+17 2
+4 8
cfn=(302)
calls=2 795 
* 282
* 4
+6 4
+1 12
+2 6
+11 4
+1 8
cfi=(73)
cfn=(318) _IO_default_xsputn
calls=2 451 
* 242
* 4
-57 120
+1 80
+3 120
+2 231
-2 230
+4 4

fn=(324)
1244 14
+2 10
+11 2
+1 2
-12 4
+5 2
-1 6
+1 4
cfi=(79) /build/glibc-qbmteM/glibc-2.21/io/../sysdeps/unix/syscall-template.S
cfn=(326) write
calls=2 81 
* 14
+1 4
+9 6
+3 18

fn=(308) _IO_file_stat
1217 1
+1 3
cfi=(75) /build/glibc-qbmteM/glibc-2.21/io/../sysdeps/unix/sysv/linux/wordsize-64/fxstat.c
cfn=(310) _fxstat
calls=1 34 
* 10

fn=(394) _IO_file_sync@@GLIBC_2.2.5
856 1
+5 1
-5 1
+5 3
+2 1
+1 2
+17 2
+4 2

fl=(68)
fn=(282)
29 2
-1 2
+1 2
+5 3

fl=(78) /build/glibc-qbmteM/glibc-2.21/stdio-common/_itoa.c
fn=(322) _itoa_word
168 36
+2 18
+9 150
+9 18

fl=(56) /build/glibc-qbmteM/glibc-2.21/string/../sysdeps/x86_64/strrchr.S
fn=(228) rindex
24 1
+1 1
+1 1
+1 1
+1 1
+1 1
+1 1
+1 1
+1 1
+1 1
+1 1
+1 1
+1 1
+1 1
+1 1
+1 1
+1 1
+1 1
+1 1
+1 1
+1 1
+1 1
+1 1
+1 1

fl=(44) /build/glibc-qbmteM/glibc-2.21/time/../sysdeps/unix/sysv/linux/x86/time.c
fn=(176) time
30 1
-1 1
+1 6
fi=(45) /build/glibc-qbmteM/glibc-2.21/time/../sysdeps/generic/dl-hash.h
+18 3
+1 2
+13 2
-17 3
+3 9
+1 6
+13 6
-17 9
+22 1
fe=(44)
-37 2
+2 2
-2 1
+2 1
cfi=(46)
cfn=(180)
calls=1 -5 
* 6
* 3
+1 2

fl=(74) /build/glibc-qbmteM/glibc-2.21/libio/filedoalloc.c
fn=(306) _IO_file_doallocate
96 5
+15 6
cfi=(72)
cfn=(308)
calls=1 1217 
* 14
* 2
+2 4
+11 6
+4 6
cfi=(76) /build/glibc-qbmteM/glibc-2.21/misc/../sysdeps/unix/syscall-template.S
cfn=(312) mmap
calls=1 -47 
* 6
* 2
+1 5
cfi=(73)
cfn=(314) _IO_setb
calls=1 399 
* 21
+1 1
+1 5
-13 1
fi=(86) /build/glibc-qbmteM/glibc-2.21/libio/../sysdeps/unix/sysv/linux/sys/sysmacros.h
-77 6
fe=(74)
+77 1
-2 2
+5 2

fl=(64) /build/glibc-qbmteM/glibc-2.21/csu/libc-start.c
fn=(258) (below main)
134 7
+4 1
-4 3
+4 3
+80 1
-80 1
+80 1
+1 4
cfi=(65) /build/glibc-qbmteM/glibc-2.21/stdlib/cxa_atexit.c
cfn=(260) __cxa_atexit
calls=1 57 
* 61
+22 4
+3 2
+1 5
cob=(5) /home/otavio/cc/paralela/trabalhos/t2/max_sub/quest2
cfi=(61) ???
cfn=(264) __libc_csu_init
calls=1 0 
* 56
+4 4
+15 2
+12 2
cfi=(66) /build/glibc-qbmteM/glibc-2.21/setjmp/../sysdeps/x86_64/bsd-_setjmp.S
cfn=(278) _setjmp
calls=1 30 
* 30
+1 2
+5 2
+1 2
+3 2
+3 6
cob=(5)
cfi=(61)
cfn=(284) main
calls=1 0 
* 17701
+34 2
cfi=(80) /build/glibc-qbmteM/glibc-2.21/stdlib/exit.c
cfn=(330) exit
calls=1 104 
* 2771
138 2

fl=(69) /build/glibc-qbmteM/glibc-2.21/stdio-common/printf.c
fn=(294) printf
28 184
+4 23
-4 23
+5 23
-1 115
+1 69
cfi=(70) /build/glibc-qbmteM/glibc-2.21/stdio-common/vfprintf.c
cfn=(296) vfprintf
calls=23 222 
* 8951
+4 46

fl=(47) /build/glibc-qbmteM/glibc-2.21/time/../sysdeps/unix/sysv/linux/x86/gettimeofday.c
fn=(184) gettimeofday
30 1
-1 1
+1 6
fi=(45)
+18 3
+1 2
+13 2
-17 3
+3 9
+1 6
+13 6
-17 9
+22 1
fe=(47)
-37 2
+3 2
-3 1
+3 1
cfi=(46)
cfn=(180)
calls=1 -6 
* 6
+1 3
+1 2

fl=(55)
fn=(226)
31 2
-1 3
+1 4
+2 3
cfi=(56)
cfn=(228)
calls=1 -9 
* 24
+4 5
+1 3
+2 4

fl=(73)
fn=(386) _IO_cleanup
1010 2
+3 1
-3 2
-48 1
+48 1
+3 1
cfn=(388) _IO_flush_all_lockp
calls=1 822 
* 210
-63 1
+63 1
-63 3
+2 9
+2 2
-1 4
+3 4
+6 16
+8 2
+13 3
+1 8
+6 1
-40 3
+40 2
-40 6
+75 7
-55 3
+2 1
+5 1
-5 1
+2 1
+1 1
-1 1
+2 1
+1 1
-1 1
+1 1
+3 5
cfi=(72)
cfn=(390)
calls=1 438 
* 66
+3 3

fn=(314)
399 5
+1 4
+3 1
+2 4
-3 1
+3 2
+3 4

fn=(388)
822 8
+6 3
+11 2
-1 3
-1 3
+1 3
+3 9
+7 4
cfi=(72)
cfn=(302)
calls=1 -53 
* 115
+1 3
+2 6
+4 3
-2 3
+2 6
+7 3
-27 6
+31 3
+2 2
+4 9
-38 1
-6 1
+5 1
+2 2
+6 11

fn=(392)
557 4
+1 1
-1 2
+1 1
cfi=(72)
cfn=(394)
calls=1 856 
* 13
* 2
+9 1
-7 1
+7 1
-7 1
407 1
-5 1
+1 1
+4 1
570 1
+2 1
-2 2
+1 3
+2 4
400 1
562 1
+1 1
-1 1
+1 1
400 4

fn=(318)
451 2
-1 2
-3 12
+3 10
+5 24
+25 32
cfi=(72)
cfn=(302)
calls=4 795 
* 124
* 8
+2 4
-2 4
+3 4
+1 4
+1 12

fn=(304)
415 2
-1 3
+3 4
+1 3
cfi=(74)
cfn=(306)
calls=1 96 
* 95
* 2
+3 4

fl=(76)
fn=(312)
81 5
+1 1

fl=(46)
fn=(180)
27 8
+4 8
-3 8

fl=(83)
fn=(372)
31 4
+17 1
-17 4
+4 4
+4 6
-4 3
+32 4
+4 6
-4 3
+12 2
+3 1
-2 1
+2 6
-2 1
cfi=(84) /build/glibc-qbmteM/glibc-2.21/nptl/unregister-atfork.c
cfn=(374) __unregister_atfork
calls=1 -44 
* 7

fl=(43) /build/glibc-qbmteM/glibc-2.21/csu/../sysdeps/x86_64/multiarch/init-arch.c
fn=(174) __init_cpu_features
54 1
-9 1
+9 1
+3 1
-3 1
+3 8
+99 2
+1 7
+7 3
+4 2
+2 3
+26 2
+5 1
+1 1
+2 1
+1 2
-31 2
+1 1
+6 2
+2 1
+2 2
+1 1
+2 2
+8 2
+1 2
+2 2
31 2
+6 1
-6 1
+7 1
-1 1
+28 1
-27 1
+27 1
-28 1
+2 1
-1 1
+1 1
+26 1
+1 1
-35 3
+35 2
+5 1
-12 1
+12 1
+3 1
+1 7
+52 1
+4 1
-72 1
+72 1
-26 2
+92 2

fl=(70)
fn=(296)
222 184
+35 69
1278 70
+4 115
+11 115
+11 23
fi=(87) /build/glibc-qbmteM/glibc-2.21/stdio-common/printf-parse.h
108 46
fe=(70)
1304 115
fi=(87)
108 23
cfi=(71) /build/glibc-qbmteM/glibc-2.21/string/../sysdeps/x86_64/strchr.S
cfn=(298) strchrnul
calls=23 -84 
* 484
fe=(70)
1319 23
fi=(87)
108 23
fe=(70)
1315 23
+4 46
+4 161
cfi=(72)
cfn=(300)
calls=23 -55 
* 2476
* 69
2090 115
+3 23
+1 184
1278 44
+41 161
+1 345
2090 115
+1 69
1323 46
+4 23
-4 23
+4 46
+4 18
2083 18
+2 27
+2 18
1331 27
270 9
-6 9
-3 9
1308 9
+23 9
1561 18
-21 27
2036 9
1300 9
227 18
1379 135
-3 9
-1 9
-17 9
+1 9
+1 9
+16 9
-15 9
+1 9
+1 9
+1 9
+1 9
+1 9
+1 9
+1 9
+3 9
+1 9
+7 18
1661 18
+8 9
fi=(87)
108 9
fe=(70)
1669 9
fi=(87)
108 9
fe=(70)
1669 9
fi=(87)
108 9
cfi=(71)
cfn=(298)
calls=9 -84 
* 180
fe=(70)
1673 9
-4 9
+4 63
cfi=(72)
cfn=(300)
calls=9 1268 
* 657
* 27
-10 9
+10 72
+2 18
-34 477
cfi=(72)
cfn=(300)
calls=9 1268 
* 671
* 171
cfi=(78)
cfn=(322)
calls=9 168 
* 222
* 504

fl=(65)
fn=(260)
57 5
-22 1
+22 1
-22 1
cfn=(262) __new_exitfn
calls=1 +38 
* 39
+2 2
+4 1
+3 1
+1 1
-4 2
+2 1
+4 1
+1 1
+11 4

fn=(262)
73 2
+6 1
-6 1
+6 1
-6 1
+6 4
+2 6
+2 3
-2 1
+10 2
-10 2
+45 1
+1 1
+3 4
+3 5
-52 1
+31 1
+1 2

fl=(71)
fn=(298)
24 32
+1 32
+1 32
+1 32
+1 32
+1 32
+1 32
+1 32
+1 32
+1 32
+1 32
+1 32
+1 32
+1 32
+1 32
+1 32
+1 32
+1 31
+2 31
+7 31
+4 1
+1 1
+1 1
+1 1
+1 1
+1 1
+1 1
+1 1
+1 1
+1 1
+1 1
+1 1
+1 1
+1 1
+1 1
+1 1
+1 1
+1 1
+1 1
+1 1
+1 1
+1 1
+1 1
+1 1
+52 1
+2 1
+7 1

fl=(84)
fn=(374)
36 1
-8 2
+11 2
+82 2

fl=(80)
fn=(330)
104 1
-1 1
+1 2
cfn=(332) __run_exit_handlers
calls=1 -69 
* 2767

fn=(332)
35 8
+5 1
cfi=(81)
cfn=(334)
calls=1 +42 
* 1032
* 1
+6 8
+4 6
+3 1
-1 1
+2 5
+33 1
+1 1
-1 1
+1 1
+6 2
+1 5
cfi=(73)
cfn=(386)
calls=1 1010 
* 377
* 3
+2 2
cfi=(85) /build/glibc-qbmteM/glibc-2.21/posix/../sysdeps/unix/sysv/linux/_exit.c
cfn=(396) _Exit
calls=1 -69 
* 5
-19 1
+4 1
-4 1
+2 1
+2 1
-2 2
+2 1
cob=(1)
cfi=(82) /build/glibc-qbmteM/glibc-2.21/elf/dl-fini.c
cfn=(344) _dl_fini
calls=1 +49 
* 1297
+1 1

fl=(85)
fn=(396)
28 2
+4 1
+2 2

fl=(42) /build/glibc-qbmteM/glibc-2.21/string/../sysdeps/x86_64/multiarch/strcmp.S
fn=(172) strcasecmp
114 1
+1 1
+1 1
cfi=(43)
cfn=(174)
calls=1 -62 
* 93
+3 1
+1 1
+1 1
+11 1

fn=(182) strncasecmp
140 1
+1 1
+4 1
+1 1
+1 1
+11 1

fl=(57)
fn=(230)
31 5
+2 1
+2 1
-4 1
+4 1
-4 1
+2 3
+2 3

fl=(79)
fn=(326)
81 4
cfn=(328) __write_nocancel
calls=2 * 
* 10

fn=(328)
81 10

fl=(77)
fn=(320)
61 40
+4 40
+3 40
+1 40
+2 32
+1 32
+2 32
+1 32
+5 32
+1 32
-1 8
+1 8
+2 23
+1 23
+2 23
+1 23
+5 23
+1 23
-1 17
+1 17
+11 40
+1 40
+2 1
+1 1
+2 1
+1 2
+5 1
+1 1
-1 39
+1 39
+21 40
+4 40
+12 1
+2 1
+1 1
+26 1
+1 1
+3 1
+1 1
+1 1
+5 1
+2 1
+1 1
+1 1
+1 1
+2 1
+1 1
+1 1
+1 1
+2 1
+1 1
+2 1
+22 1
+2 1

fl=(58) /build/glibc-qbmteM/glibc-2.21/string/../sysdeps/x86_64/multiarch/../cacheinfo.c
fn=(236) intel_check_word
162 8
+6 4
-7 20
+7 16
-7 4
+7 4
+2 4
-2 4
+2 12
+2 4
+2 8
-2 6
+2 12
+8 20
+51 16
fi=(59) /build/glibc-qbmteM/glibc-2.21/string/../bits/stdlib-bsearch.h
27 8
+1 16
+3 16
+1 8
fe=(58)
150 16
fi=(59)
31 12
+1 6
fe=(58)
150 12
+3 54
fi=(59)
29 44
+2 44
-2 44
+2 80
+1 40
fe=(58)
150 80
293 8
170 16
-6 2
298 24
fi=(59)
37 10
-8 24
fe=(58)
194 6
+3 6
+4 4
+2 4
+1 4
-1 4
+1 6
+2 2
-1 2
+1 3
-12 2
+12 2
+1 10
+1 10
+1 6
+17 3
-32 9
+3 9
+4 6
+2 12
+1 6
+1 6
+1 6
+5 2
+2 4
+2 2
+3 2
-3 4
+2 2
-1 2
+1 6
-1 8
-1 4

fn=(234) handle_intel
304 4
-1 4
+17 2
-17 12
+14 2
+1 4
-3 6
+23 10
cfn=(236)
calls=2 162 
* 646
+1 4
+3 10
cfn=(236)
calls=2 162 
* 224
+1 4
-17 4
+5 2
-5 4
+5 2
+2 2
+1 2
-1 4
+27 16

fn=(232) init_cacheinfo
561 1
-13 3
+13 2
+7 2
+2 3
cfn=(234)
calls=1 304 
* 438
+4 2
-4 1
+4 1
cfn=(234)
calls=1 304 
* 530
+2 1
-2 1
-1 1
+3 1
+29 1
-18 1
+18 3
+7 2
+9 4
-9 4
+9 12
-9 12
+6 4
-6 4
+6 4
+49 4
+1 4
+74 2
+2 1
+1 1
+2 1
-3 1
+5 1
-5 1
+4 3
+4 2
+2 1
+1 1
+2 1
-3 1
+5 1
-5 1
+4 2
+3 1
-3 1
+3 3
623 1
+6 5
+7 5
+4 1
-2 1
+2 1
-4 4
+4 1
-2 1
+2 5
+2 2
-6 2
+6 2
+5 1
+2 2
+1 1
-1 3
+1 1
+5 2

fl=(75)
fn=(310)
34 1
-1 1
+1 1
+1 6
+4 1

fl=(66)
fn=(278)
30 1
+2 1
cfi=(67)
cfn=(280)
calls=1 -6 
* 28

fl=(60) /build/glibc-qbmteM/glibc-2.21/elf/dl-altinit.c
fn=(240) dlinit_alt
33 3
+1 1

ob=(2) ???
fl=(14) ???
fn=(358) 0x0000000000400b94
0 3

fn=(384) 0x0000000004a267f8
0 3

fn=(208) 0x0000000004a26560
0 6

fn=(266) 0x0000000000400440
0 6

ob=(1)
fl=(15) /build/glibc-qbmteM/glibc-2.21/elf/dl-minimal.c
fn=(40) __libc_memalign
51 66
+1 87
+11 21
+1 21
-1 21
+3 21
-3 21
+3 42
-3 1
+1 1
-1 1
+3 1
-3 1
+3 78
+4 12
+1 6
+6 24
cfi=(25) /build/glibc-qbmteM/glibc-2.21/misc/../sysdeps/unix/syscall-template.S
cfn=(68) mmap
calls=3 +4 
* 18
+2 15
+4 9
+3 3
+1 3
+2 15
-3 19
+1 19
+2 95
-31 3
+1 1
-2 3

fn=(82) free
121 2
+7 1

fn=(32) calloc
102 8
+8 8
-1 16
-3 8
+4 16
+3 8
cfn=(36) malloc
calls=8 -20 
* 262
* 8

fn=(76) strsep
338 8
+2 4
+1 8
+4 132
+7 366
-2 244
+13 2
+4 4
-7 61
-15 187

fn=(36)
93 21
+1 42
cfn=(40)
calls=21 -43 
* 579
* 21

fl=(10) /build/glibc-qbmteM/glibc-2.21/elf/../misc/sbrk.c
fn=(20) sbrk
34 4
+8 6
+4 2
+11 5

fl=(11) /build/glibc-qbmteM/glibc-2.21/elf/dl-environ.c
fn=(24) _dl_next_ld_env_entry
30 3
+3 10
+13 51
-13 153
+2 106
+1 20
+5 2
-3 2
+3 2
+2 2
-12 1
+19 1

fl=(50) /build/glibc-qbmteM/glibc-2.21/elf/dl-init.c
fn=(206) call_init.part.0
28 20
+8 4
+3 4
-3 8
+3 12
+5 21
+5 4
+9 14
cob=(3)
cfi=(52)
cfn=(220)
calls=1 -6 
* 179
cob=(2)
cfi=(14)
cfn=(208)
calls=1 -58 
* 6
* 2
+4 4
+6 2
+2 4
-2 4
+3 10
+1 8
cob=(3)
cfi=(58)
cfn=(232)
calls=1 561 
* 1113
cob=(4)
cfi=(51)
cfn=(212)
calls=1 -72 
* 17
* 4
cob=(3)
cfi=(60)
cfn=(240)
calls=1 -39 
* 4
* 3
-1 6
+3 24
-29 3
-5 3

fn=(204) _dl_init
80 11
+1 1
+1 1
+3 3
+8 2
+1 2
+25 15
+1 12
-90 20
cfn=(206)
calls=3 -2 
* 1406
* 3
+96 8
-96 2
+58 2
+16 1
cfn=(206)
calls=1 -76 
* 77
* 1

fl=(16) /build/glibc-qbmteM/glibc-2.21/string/../sysdeps/x86_64/multiarch/../memcpy.S
fn=(42) memcpy
61 14
+2 14
+2 14
+3 11
+1 11
+2 3
+1 3
+2 3
+1 3
+5 3
+1 3
-1 8
+1 8
+2 3
+1 3
+2 3
+1 6
+5 3
+1 3
-1 8
+1 8
+2 3
+1 3
+2 3
+1 3
+5 3
+1 3
-1 8
+1 8
+2 6
+1 6
+2 6
+1 6
+5 6
+1 6
-1 5
+1 9
+5 4
+1 4
+1 4
+1 4
+2 4
+2 4
+1 4
+2 4
+8 11
+8 6
+6 6
+2 6
+1 6
+3 1
+1 3
+5 1
+1 1
+2 1
+2 1
+1 1
+2 1
-8 3
+1 3
+2 3
+2 3
+1 3
+2 5
+9 1
+1 1
-1 5
+1 5
+3 6
+1 6
+1 6
+5 6
+2 6
+1 6
+1 6
+1 6
+2 6
+1 6
+1 6
+1 6
+2 6
+1 6
+2 6
+22 6
+6 6
+1 6
+2 3

fl=(38) /build/glibc-qbmteM/glibc-2.21/io/../sysdeps/unix/sysv/linux/wordsize-64/xstat.c
fn=(134) _xstat
34 4
-1 4
+1 4
+1 24
+4 1
-4 12

fl=(27) /build/glibc-qbmteM/glibc-2.21/string/../sysdeps/x86_64/multiarch/../strchr.S
fn=(72) index
24 7
+1 7
+1 7
+1 7
+1 7
+1 7
+1 7
+1 7
+1 7
+1 7
+1 7
+1 7
+1 7
+1 7
+1 7
+1 7
+1 7
+1 5
+4 5
+1 5
+1 5
+1 5
+2 5
+4 2
+1 2
+1 2
+1 2
+1 2
+1 2
+1 2
+1 2
+1 2
+1 2
+1 2
+1 2
+1 2
+1 2
+1 2
+1 2
+1 2
+1 2
+1 2
+1 2
+1 2
+1 2
+1 2
+1 2
+52 2
+4 2
+1 2
+1 2
+1 2
+2 2

fl=(8) /build/glibc-qbmteM/glibc-2.21/elf/../sysdeps/unix/sysv/linux/x86_64/brk.c
fn=(14) brk
31 1
-3 1
+3 6
+8 1
-6 2
+7 1

fl=(62)
fn=(252)
58 4
+3 4
+1 4
+1 4
+1 4
+1 4
+1 4
+1 4
+5 4
+1 4
+1 4
+1 4
+10 4
+1 4
+1 4
cfi=(63) /build/glibc-qbmteM/glibc-2.21/elf/../elf/dl-runtime.c
cfn=(254) _dl_fixup
calls=4 -21 
* 3357
+1 4
+5 4
+1 4
+1 4
+1 4
+9 4
+1 4
+1 4
+1 4
+1 4
+1 4
+1 4
+2 4
+2 4

fl=(25)
fn=(118) mprotect
81 24
+1 6

fn=(200) munmap
81 4
+1 1

fn=(68)
81 45
+1 9

fl=(20) /build/glibc-qbmteM/glibc-2.21/posix/../sysdeps/unix/syscall-template.S
fn=(58) uname
81 4
+1 1

fl=(26) /build/glibc-qbmteM/glibc-2.21/string/../sysdeps/x86_64/multiarch/../rtld-memset.S
fn=(70) memset
30 13
+1 13
+1 13
+1 2209
+1 13
+1 13

fl=(17) /build/glibc-qbmteM/glibc-2.21/string/../sysdeps/x86_64/multiarch/../strcmp.S
fn=(50) strcmp
131 172
+1 172
+1 172
+1 112
+1 112
+1 112
+1 112
cfn=(51) strcmp'2
calls=112 -6 
* 8261
+5 60
+1 60
+1 60
+1 60

fn=(51)
131 1151
+1 1151
+1 1151
+1 1141
+1 1141
+1 1141
+1 1141
cfn=(51)
calls=1039 -6 
* 44764
+2 102
+1 102
+2 10
+1 10
+1 10
+1 10

fl=(40) /build/glibc-qbmteM/glibc-2.21/elf/dl-version.c
fn=(148) _dl_check_all_versions
380 6
+4 6
+2 28
cfn=(150) _dl_check_map_versions
calls=4 189 
* 2506
-2 4
+2 12
-1 4
-1 8
+5 7

fn=(150)
189 12
-15 36
+17 4
+3 12
-3 4
+2 4
+1 4
+2 4
-3 4
+3 8
+3 4
+4 2
-4 2
+4 10
+17 2
56 4
220 2
56 10
+1 5
-1 10
+2 21
cfi=(33) /build/glibc-qbmteM/glibc-2.21/elf/dl-misc.c
cfn=(102) _dl_name_match_p
calls=7 288 
* 510
* 16
228 6
+5 16
+19 2
-15 62
cfn=(152) match_symbol
calls=2 76 
* 308
* 8
cfn=(152)
calls=2 76 
* 306
* 4
+7 24
+3 12
+9 12
+14 4
+3 8
+10 26
-7 104
+3 78
-3 8
+3 6
+8 9
+87 8
-81 12
cfi=(15)
cfn=(32)
calls=3 102 
* 138
* 3
+1 3
-2 3
+2 3
+11 3
+2 3
-5 3
+3 3
+2 3
-2 3
+2 3
+3 8
+4 6
+18 2
-15 6
+2 6
-2 6
+2 6
+2 4
+1 4
-1 8
+1 4
-1 4
+1 4
+1 4
-2 4
+2 8
+1 12
+3 12
+8 6
+10 9
+3 8
+20 26
-14 26
-2 26
+2 28
-2 2
+2 2
+4 26
+2 26
-1 52
+1 26
-1 78
+1 26
+1 26
+3 84
+10 27
183 2
-8 2
+95 4
-80 2

fn=(152)
76 44
+9 4
-8 4
-1 8
+1 4
+8 4
+6 12
+15 4
+1 8
+2 4
+5 8
+14 36
+12 42
+4 14
-30 28
+16 4
+3 16
cfi=(17)
cfn=(50)
calls=4 -2 
* 330
* 8
+35 32

fl=(6) /build/glibc-qbmteM/glibc-2.21/elf/dl-lookup.c
fn=(170) check_match
92 410
+1 82
-1 82
+1 82
+2 738
+12 492
+3 388
cfi=(17)
cfn=(50)
calls=15 +21 
* 1269
* 30
+5 82
-1 82
+1 82
+2 160
+19 160
+1 640
+46 574
-18 4
+2 2
+1 6
-1 10
-29 240
cfi=(17)
cfn=(50)
calls=80 -7 
* 6936
* 160

fn=(168) do_lookup_x
355 704
+1 88
-1 528
+48 88
-30 176
+30 88
-41 88
+44 88
-3 176
+3 176
-33 88
+33 88
-33 88
+33 352
-40 176
+3 176
-3 376
+3 376
+4 552
+4 552
+4 552
+6 828
+8 276
-4 276
+1 276
+3 552
+1 828
+3 276
+1 552
+4 552
+3 276
-5 276
+5 828
+3 1932
+89 1052
+1 38
cfi=(33)
cfn=(102)
calls=19 288 
* 814
* 57
+3 582
+3 12
+1 704
-37 112
+12 164
+1 82
+1 164
-70 348
-1 174
+2 174
+2 1131
+13 273
-10 865
+2 164
+1 410
-1 164
+1 164
+1 82
-1 246
-1 82
+1 246
cfn=(170)
calls=82 92 
* 12711
+4 246
197 25
461 10
+5 616
+35 15
-62 656

fn=(166) _dl_lookup_symbol_x
752 880
514 88
752 440
514 440
+1 88
-1 88
+1 264
-1 264
+1 1110
-1 1110
+1 3330
-1 3418
754 88
+4 88
+4 88
-8 88
+1 176
+7 248
+7 88
-2 88
+2 88
-2 88
+6 88
-7 88
+7 88
-7 88
+7 792
+8 6
-8 30
+2 1144
cfn=(168)
calls=88 355 
* 35887
+3 264
+26 264
+22 82
+1 574
+26 82
+9 410
+14 246
+3 328
+5 82
+2 704
-80 42
+16 6
+1 12
+54 2

fn=(10) _dl_setup_hash
897 12
+4 4
+4 8
+2 4
-1 4
+3 12
+1 4
+1 4
+3 4
-3 4
+7 4
-4 4
-1 4
+3 4
+2 4
-7 4
+7 4
+1 4

fl=(39) /build/glibc-qbmteM/glibc-2.21/elf/dl-cache.c
fn=(136) _dl_load_cache_lookup
185 9
+8 2
+3 3
+51 2
+9 1
+6 2
-6 4
+6 1
cfi=(23) /build/glibc-qbmteM/glibc-2.21/io/../sysdeps/unix/syscall-template.S
cfn=(64) access
calls=1 81 
* 9
* 1
+4 4
+15 160
cfn=(140) _dl_cache_libcmp
calls=10 138 
* 735
* 61
cfn=(140)
calls=1 138 
* 72
* 4
-14 3
+14 1
-14 1
-1 3
+15 29
+16 2
+4 2
+8 3
cfi=(9) /build/glibc-qbmteM/glibc-2.21/string/../sysdeps/x86_64/rtld-strlen.S
cfn=(18) strlen
calls=1 26 
* 63
* 2
+1 1
-1 4
+1 2
cfi=(16)
cfn=(42)
calls=1 61 
* 28
+1 2
cfi=(28) /build/glibc-qbmteM/glibc-2.21/string/strdup.c
cfn=(78) strdup
calls=1 40 
* 138
+1 8
-31 3
-82 4
cfi=(33)
cfn=(138) _dl_sysdep_read_whole_file
calls=1 45 
* 67
+8 1
-8 1
+8 4
+1 4
cfi=(12) /build/glibc-qbmteM/glibc-2.21/string/../string/memcmp.c
cfn=(26) bcmp
calls=1 315 
* 123
* 2
+7 1
-3 1
+3 3
+3 1
+1 2
-1 1
+1 1
+1 3
cfi=(12)
cfn=(26)
calls=1 +95 
* 112
* 2
+9 3

fn=(198) _dl_unload_cache
322 4
-1 1
+3 2
cfi=(25)
cfn=(200)
calls=1 81 
* 5
+1 1
+2 2

fn=(140)
138 33
+1 24
+2 110
+2 55
-2 55
+2 2
+6 1
+2 1
-2 1
+1 2
+1 4
+2 5
+2 2
+6 108
+2 196
+4 44
+1 44
-29 88
+32 2
-7 30

fl=(63)
fn=(254)
66 16
+6 8
-6 4
+3 8
+3 12
-4 4
+5 24
+1 4
-1 4
+1 8
+5 8
+4 8
+4 12
+4 6
+1 12
+2 12
+7 6
-1 3
+1 5
-1 1
+1 1
+7 8
+3 36
cfi=(6)
cfn=(166)
calls=4 752 
* 3025
* 4
+4 20
+4 16
+6 24
+16 4
-8 4
+8 12
+4 12
fi=(5) /build/glibc-qbmteM/glibc-2.21/elf/../sysdeps/x86_64/dl-machine.h
+66 4
fe=(63)
-62 20
-64 2

fl=(37) /build/glibc-qbmteM/glibc-2.21/elf/dl-deps.c
fn=(128) openaux
60 4
+7 2
-4 6
+1 2
-1 2
+1 2
-1 10
cfi=(21) /build/glibc-qbmteM/glibc-2.21/elf/dl-load.c
cfn=(100) _dl_map_object
calls=2 2141 
* 7331
* 2
+5 4

fn=(126) _dl_map_object_deps
161 1
-1 1
+1 1
-1 5
+1 1
-1 2
+1 1
-1 2
+1 1
-1 1
+1 3
-15 1
+15 1
-17 1
+1 1
+1 1
+6 3
+26 1
-26 1
+26 7
-34 1
+2 1
+33 2
-33 1
-2 1
+2 2
-2 1
+1 1
+1 1
+6 3
+26 1
-26 1
+26 5
+4 1
+21 1
+1 1
-22 2
+19 1
-12 1
+15 1
-16 3
+13 1
317 9
217 1
-4 1
-4 1
+8 4
-4 3
-4 3
+8 3
+12 4
+2 2
+11 2
-5 2
-6 4
+5 2
+2 4
+1 4
+3 14
+50 6
+1 3
-51 192
+1 96
+6 10
cfi=(27)
cfn=(72)
calls=2 24 
* 70
* 4
+5 10
-3 2
+3 2
cfi=(31) /build/glibc-qbmteM/glibc-2.21/elf/dl-error.c
cfn=(92) _dl_catch_error
calls=2 -91 
* 7489
+2 6
+15 2
+2 4
+15 2
-10 2
+6 2
-6 2
+8 2
-8 2
+10 2
-7 2
+7 2
-6 2
+1 2
+5 2
-4 2
+4 4
+7 138
459 12
+2 6
+3 4
-1 2
cfi=(15)
cfn=(36)
calls=2 93 
* 58
* 2
+2 2
-2 2
+2 2
+4 8
-1 2
+1 2
cfi=(16)
cfn=(42)
calls=2 61 
* 41
+1 10
cfi=(16)
cfn=(42)
calls=2 61 
* 41
+4 2
-1 2
+5 22
+7 6
+1 1
+3 4
+11 3
-1 1
cfi=(15)
cfn=(36)
calls=1 93 
* 29
* 1
+3 1
-3 1
+3 1
+5 3
+1 1
-1 5
+1 2
+8 3
+4 1
-10 1
+10 2
-10 2
-2 3
+8 9
+4 3
-10 3
+10 6
-10 6
+13 3
+51 5
+2 3
+42 2
+1 2
-1 4
+1 2
cfi=(26)
cfn=(70)
calls=1 30 
* 14
* 1
-2 9
+7 1
-1 1
+1 1
-1 2
+7 1
-7 1
+7 2
-13 2
+7 2
-1 2
+1 2
-1 4
+7 2
-7 2
+7 6
+2 8
+1 4
-1 4
+1 3
+2 9
+1 6
+28 18
cfi=(26)
cfn=(70)
calls=2 30 
* 18
* 10
-6 3
-28 6
+31 10
-6 2
+16 2
+2 1
+1 1
-1 1
+2 3
+7 3
+3 3
+3 8
481 9
-1 4
+1 10
202 2
+16 23
+2 2
+2 8
+2 22
+5 2
-5 6
+5 10
-19 4
611 8
cfi=(16)
cfn=(42)
calls=1 61 
* 28
+2 1
-38 1
+38 1
-2 6
209 2

fl=(12)
fn=(26)
315 26
+3 13
-3 26
+4 13
-4 39
+7 26
+4 12
+2 1
+1 1
+1 1
+1 1
+2 2
-5 1
+1 1
+1 1
+1 1
+2 2
+2 2
-9 6
+16 12
+1 4
129 14
-18 4
346 4
+4 2
+2 2
-2 4
+1 2
+5 22
+2 10
+1 10
+1 10
+3 117
-3 61
-2 61
+1 61
+4 183
-7 138
+13 9
-1 9
+1 67
-5 4
+5 28
-24 2
221 2
+1 2
345 2
226 2
-4 2
+6 2
-2 2
+2 12
-95 2
+1 2
+1 2
+1 2
+1 2
+48 2
-2 2
+1 2
+1 14
-80 2
+1 4
+4 4
-5 8
+1 16
+4 18
234 2
+2 2
-4 2
+1 2
+4 2
-2 2
+56 4
-2 2
+2 4
-1 2
+1 4
+1 4
+12 10
+1 4
-6 4

fl=(29) /build/glibc-qbmteM/glibc-2.21/elf/dl-debug.c
fn=(88) _dl_debug_state
74 2

fn=(84) _dl_debug_initialize
50 8
+5 6
+5 2
-1 1
+1 2
+1 2
-1 2
-9 4
+4 8
+4 1
-1 1
-58 4

fl=(7) /build/glibc-qbmteM/glibc-2.21/elf/../elf/dl-sysdep.c
fn=(12) _dl_sysdep_start
86 7
+25 1
-1 1
+1 1
-25 1
+25 168
+3 1
-3 1
+4 1
-1 1
+3 1
-6 1
+6 7
+1 3
-1 6
+1 105
-1 82
fi=(19) /build/glibc-qbmteM/glibc-2.21/elf/../sysdeps/unix/sysv/linux/dl-sysdep.c
-82 2
cfi=(8)
cfn=(14)
calls=1 -4 
* 12
fi=(5)
201 5
fe=(7)
+33 2
cfi=(10)
cfn=(20)
calls=1 34 
* 17
* 3
+12 3
+3 6
cfi=(2) /build/glibc-qbmteM/glibc-2.21/elf/rtld.c
cfn=(22) dl_main
calls=1 738 
* 95821
+1 1
+1 8
151 1
+1 1
+27 1
+1 1
-17 1
+1 1
-7 1
+1 1
-4 1
+1 1
-25 1
+1 1
-4 1
+1 1
-7 1
+1 1
+2 1
+1 1
232 1
cfi=(9)
cfn=(18)
calls=1 26 
* 42
* 2

fn=(196) _dl_sysdep_start_cleanup
256 1

fl=(33)
fn=(138)
45 2
+7 1
-7 3
+7 1
-7 1
+1 1
-1 1
+7 1
cfi=(23)
cfn=(106) open
calls=1 +29 
* 5
+1 1
-1 1
+1 1
+2 4
cfi=(34) /build/glibc-qbmteM/glibc-2.21/io/../sysdeps/unix/sysv/linux/wordsize-64/fxstat.c
cfn=(114) _fxstat
calls=1 -21 
* 10
* 2
+2 1
+3 1
-3 1
+3 1
+13 2
cfi=(23)
cfn=(124) close
calls=1 +8 
* 5
+3 7
-14 6
cfi=(25)
cfn=(68)
calls=1 +19 
* 6
* 2

fn=(102)
288 165
+1 66
cfi=(17)
cfn=(50)
calls=33 131 
* 238
* 33
+1 33
-1 33
+3 33
+2 66
+4 34
-4 68
+1 111
cfi=(17)
cfn=(50)
calls=37 131 
* 664
* 74
-5 3
+11 45
-1 30
+1 120

fl=(21)
fn=(74) fillin_rpath
431 8
+2 1
-2 9
+5 1
cfi=(15)
cfn=(76)
calls=1 -98 
* 238
* 4
-66 3
cfi=(27)
cfn=(72)
calls=1 24 
* 23
* 2
+4 2
cfi=(28)
cfn=(78)
calls=1 40 
* 122
* 1
+68 2
cfi=(9)
cfn=(18)
calls=1 26 
* 44
+4 1
-4 1
+4 1
+22 18
+1 8
+57 2
cfi=(15)
cfn=(82)
calls=1 121 
* 3
* 1
* 2
-90 1
cfi=(15)
cfn=(76)
calls=1 -98 
* 6
* 3
+94 1
+3 9
-46 2
+4 8
-1 1
cfi=(15)
cfn=(36)
calls=1 93 
* 29
* 1
+3 1
-3 1
+3 3
+5 1
+1 3
-2 1
+2 1
cfi=(24) /build/glibc-qbmteM/glibc-2.21/string/../sysdeps/x86_64/memcpy.S
cfn=(66) mempcpy
calls=1 61 
* 31
+3 1
-3 1
+3 1
-2 1
+2 1
+6 4
+1 14
+1 10
+3 1
-1 2
+1 1
+7 1
+1 1
+3 2
-4 2
-67 8
+8 1
-3 3
+3 2
+26 2
+31 2

fn=(104) open_verify
1683 12
+36 1
-36 2
+36 2
+21 4
cfi=(23)
cfn=(106)
calls=1 81 
* 5
+1 1
-1 1
+1 1
+10 1
+1 2
+5 6
cfi=(23)
cfn=(108) read
calls=1 81 
* 5
+2 2
+2 1
+2 1
-2 2
+2 1
+6 2
+16 6
cfi=(12)
cfn=(26)
calls=1 315 
* 96
* 11
cfi=(12)
cfn=(26)
calls=1 315 
* 87
* 3
+74 2
+5 2
+2 4
+6 2
+11 2
+6 1
+1 1
-1 4
+1 3
+1 2
+20 61
+2 19
+4 4
+1 2
+13 1
+1 1
-1 1
+1 1
-1 1
+1 1
-2 1
+4 3
-7 4
cfi=(12)
cfn=(26)
calls=1 315 
* 80
* 2
+51 1
-67 1
+67 9

fn=(130) open_path
1992 8
+1 1
+6 1
-6 1
+6 1
+5 11
-7 1
-1 2
+8 5
+66 3
+8 4
-62 1
-9 1
+9 1
+7 4
cfi=(24)
cfn=(66)
calls=1 61 
* 31
+1 1
-1 1
+1 4
+3 8
+4 32
cfi=(24)
cfn=(66)
calls=4 61 
* 85
* 16
cfi=(24)
cfn=(66)
calls=4 61 
* 92
+3 4
+3 4
-3 4
+3 4
+3 28
cfn=(132) open_verify.constprop.8
calls=4 1681 
* 168
* 4
+2 12
+2 8
+5 8
+1 36
+6 4
+2 4
-2 4
+2 8
-2 4
+2 4
cfi=(38)
cfn=(134)
calls=4 34 
* 49
* 8
+1 9
+9 2
-44 3
+35 6
+9 6
-44 15
+85 5
+7 1
-2 1
+2 3
+3 3
+14 1
-27 1
+27 7
2024 3
+37 6

fn=(132)
1681 50
+38 5
-38 10
+38 20
+21 20
cfi=(23)
cfn=(106)
calls=5 81 
* 41
+1 5
-1 5
+1 5
+10 1
+1 2
+5 6
cfi=(23)
cfn=(108)
calls=1 81 
* 5
+2 2
+2 1
+2 1
-2 2
+2 1
+6 2
+16 6
cfi=(12)
cfn=(26)
calls=1 315 
* 94
* 11
cfi=(12)
cfn=(26)
calls=1 315 
* 87
* 3
+74 2
+5 2
+2 4
+6 2
+11 2
+6 1
+1 1
-1 4
+1 3
+1 2
+20 45
+2 17
+4 4
+1 2
+13 1
+1 1
-1 1
+1 1
-1 1
+1 1
-2 1
+4 3
+5 1
+1 1
-13 4
cfi=(12)
cfn=(26)
calls=1 315 
* 72
* 4
cfi=(12)
cfn=(26)
calls=1 315 
* 80
* 4
+16 2
+6 1
-3 1
+1 1
+1 1
+1 2
-3 1
+1 1
+3 1
-3 1
+1 1
-1 2
-1 1
+4 2
+28 1
-67 1
+67 11
-23 4
+23 28
1785 4
cfi=(12)
cfn=(26)
calls=1 315 
* 96
* 3

fn=(110) _dl_map_object_from_fd
868 24
+11 2
-11 2
+11 2
-11 4
+11 2
cfi=(29)
cfn=(84)
calls=2 50 
* 16
+4 6
-4 2
+4 2
cfi=(34)
cfn=(114)
calls=2 34 
* 20
* 4
+11 14
+1 6
-1 15
+1 20
1432 16
912 4
+25 4
+10 4
+22 8
+32 4
880 2
1004 14
cfi=(13) /build/glibc-qbmteM/glibc-2.21/elf/dl-object.c
cfn=(28) _dl_new_object
calls=2 61 
* 1001
+1 2
-1 2
+1 2
+11 2
+1 2
+1 2
-2 2
+1 2
-1 2
+4 4
+1 2
-1 2
-2 2
+2 2
+1 6
+1 2
+19 4
+8 2
-8 12
+8 2
-8 4
+8 2
+88 16
-87 32
-1 136
+1 95
+6 4
+1 6
+1 2
+9 20
+5 32
+9 12
-1 12
+1 4
+1 8
+3 4
-3 4
+1 4
+3 4
+4 4
-7 4
+1 8
+1 4
+1 4
+4 4
+1 12
+5 2
-1 2
+1 2
-16 2
+15 2
+1 10
+10 2
-10 2
-1 2
+1 2
-16 2
+15 2
+1 10
+10 2
-45 2
+1 1
+47 3
+4 1
+1 1
+1 1
-1 1
+1 1
+3 3
+1 2
+3 2
+4 4
+6 1
cfi=(30)
cfn=(142) _dl_next_tls_modid
calls=1 49 
* 8
* 2
+1 1
+59 6
+1 4
+1 2
-6 4
+1 2
+8 4
1017 2
1206 2
1017 2
1206 2
+10 4
fi=(35) /build/glibc-qbmteM/glibc-2.21/elf/./dl-map-segments.h
56 4
fe=(21)
1216 6
fi=(35)
56 2
fe=(21)
1216 2
fi=(35)
50 2
fe=(21)
1216 4
fi=(35)
56 2
-6 4
+6 6
cfi=(25)
cfn=(68)
calls=2 +25 
* 12
+4 2
-4 2
+4 4
+3 4
+1 2
+2 2
-2 2
-1 2
+3 2
+10 4
-39 2
+39 2
fi=(36) /build/glibc-qbmteM/glibc-2.21/elf/./dl-load.h
+14 8
+1 6
+2 8
fi=(35)
+7 16
+45 4
-59 20
+2 4
+2 2
-2 4
+2 20
cfi=(25)
cfn=(68)
calls=2 -9 
* 12
* 8
+16 2
+2 2
-2 2
+1 2
+2 2
-1 2
+1 2
-1 6
+8 4
+3 4
+8 16
cfi=(26)
cfn=(70)
calls=2 -97 
* 2004
* 6
+6 4
+4 8
cfi=(25)
cfn=(68)
calls=1 -56 
* 6
+3 2
-67 8
-1 10
cfi=(25)
cfn=(118)
calls=2 +9 
* 10
* 2
fe=(21)
1228 8
+9 4
fi=(3) /build/glibc-qbmteM/glibc-2.21/elf/get-dynamic-info.h
39 2
fe=(21)
1237 2
fi=(3)
39 2
+6 2
-2 2
+2 4
+15 2
+5 2
+3 2
+2 2
-3 2
-3 2
-3 36
+10 8
-26 24
+16 35
+10 35
-26 105
+26 2
-26 6
+2 90
+13 40
+2 8
+3 8
+13 4
+20 7
+1 8
+1 8
+1 8
+2 8
+5 8
+1 7
+1 8
+6 6
+5 4
+7 4
+1 6
+16 6
+5 1
+2 1
-2 1
+2 1
+2 2
+2 2
+3 6
+10 1
-8 3
+8 1
+5 2
+3 4
fe=(21)
1244 8
+15 6
+19 4
+2 10
+54 6
+1 2
+3 2
cfi=(23)
cfn=(124)
calls=1 81 
* 5
* 2
cfi=(23)
cfn=(124)
calls=1 81 
* 5
* 4
+9 4
+2 6
+2 2
-2 2
+2 2
+16 4
cfi=(6)
cfn=(10)
calls=2 897 
* 46
+4 4
+1 4
+17 4
+1 1
+3 1
+5 1
-5 1
+1 2
+4 1
-5 1
+5 1
-5 1
+1 2
+4 1
+10 6
cfi=(13)
cfn=(44) _dl_add_to_namespace_list
calls=2 32 
* 84
+4 8
fi=(3)
68 8
+1 2
+1 6
fi=(36)
+24 5
+2 3
-1 1
+1 2
-1 1
+1 2
-1 3
+3 3
fe=(21)

fn=(100)
2141 24
+7 3
-7 6
+7 3
+1 9
+3 42
+5 49
+2 21
cfi=(33)
cfn=(102)
calls=7 288 
* 492
* 14
+4 12
+1 18
+3 2
+1 2
+1 2
-1 2
+1 2
cfi=(17)
cfn=(50)
calls=2 131 
* 21
* 4
2412 1
+15 24
2186 10
+9 6
+26 4
-2 2
+2 2
cfi=(27)
cfn=(72)
calls=2 24 
* 46
* 4
2358 2
370 3
cfi=(27)
cfn=(72)
calls=1 24 
* 47
* 2
+4 2
cfi=(28)
cfn=(78)
calls=1 40 
* 175
2359 1
-3 1
+3 2
+4 9
cfn=(104)
calls=1 1683 
* 471
+3 1
-3 1
+3 3
+11 2
+3 6
+44 2
+1 8
-1 2
+1 14
cfn=(110)
calls=2 868 
* 4930
* 4
2225 2
cfi=(9)
cfn=(18)
calls=1 26 
* 63
* 1
+2 1
-2 1
+2 1
+7 4
+35 2
+1 14
cfn=(130)
calls=1 1992 
* 752
+6 2
-6 1
+6 1
636 1
2277 1
636 2
2285 2
+2 3
+4 2
cfi=(39)
cfn=(136)
calls=1 185 
* 1701
+2 1
-2 1
+2 1
+4 2
+8 3
+23 8
cfn=(132)
calls=1 1681 
* 650
+4 1
-4 1
+4 1
+1 1
+17 2
+28 4
2243 1
-5 2
+5 1
+3 2
-3 1
+3 7
-3 3
636 1
2244 1
636 2
2258 3
+1 8
636 1
2260 1
636 2

fn=(60) _dl_init_paths
659 1
+13 2
-13 8
+13 3
cfi=(22) /build/glibc-qbmteM/glibc-2.21/elf/dl-hwcaps.c
cfn=(62) _dl_important_hwcaps
calls=1 39 
* 346
+5 1
-5 1
+5 1
cfi=(15)
cfn=(36)
calls=1 93 
* 29
* 1
+1 1
-1 1
-1 1
+2 1
+8 1
-1 1
+1 3
-1 3
+5 1
-5 1
+5 1
cfi=(15)
cfn=(36)
calls=1 93 
* 53
* 1
+2 1
-3 1
+3 1
+17 1
+12 1
-9 2
-14 1
+1 1
+10 1
+12 1
-11 1
+2 1
+1 2
+8 33
cfi=(26)
cfn=(70)
calls=4 30 
* 88
* 35
-14 3
+2 3
+1 3
+2 6
-3 3
+4 9
+4 3
-3 3
+3 3
-3 6
+7 1
+11 1
-5 1
+1 1
+5 2
+2 4
+2 3
+38 5
+8 3
cfi=(27)
cfn=(72)
calls=1 24 
* 23
* 2
+2 2
cfi=(9)
cfn=(18)
calls=1 26 
* 54
* 8
cfi=(16)
cfn=(42)
calls=1 61 
* 31
* 4
+19 1
+1 3
+1 1
-4 3
+2 13
+1 39
+1 13
-4 40
+8 1
cfi=(15)
cfn=(36)
calls=1 93 
* 29
* 1
+1 1
-2 1
+2 1
+6 9
cfn=(74)
calls=1 431 
* 661
+4 5
+6 1
+4 8
-75 1
-2 1
+2 2
+14 2

fl=(28)
fn=(78)
40 12
+1 3
cfi=(9)
cfn=(18)
calls=3 -15 
* 188
* 3
+1 6
cfi=(15)
cfn=(36)
calls=3 +51 
* 87
* 3
+2 6
+4 3
-1 6
+1 6
-1 6
cfi=(16)
cfn=(42)
calls=3 +14 
* 106

fl=(19)
fn=(56) _dl_discover_osversion
45 7
+2 3
+85 8
-45 3
cfi=(20)
cfn=(58)
calls=1 -6 
* 5
* 1
+15 1
-15 1
+20 1
-1 1
+3 12
+4 3
-2 6
+2 9
+7 3
-1 3
+4 3
-2 3
+2 10
+5 2

fl=(1) ???
fn=(0) 0x0000000000000cd0
0 2
cfi=(2)
cfn=(2) _dl_start
calls=1 337 
0 97009
0 14
cfi=(50)
cfn=(204)
calls=1 80 
0 1567
0 3
cob=(5)
cfi=(61)
cfn=(244) _start
calls=1 0 
0 21648

fl=(34)
fn=(114)
34 3
-1 3
+1 3
+1 18
+4 3

fl=(41) /build/glibc-qbmteM/glibc-2.21/elf/dl-reloc.c
fn=(160) _dl_relocate_object
154 40
+15 4
-15 8
+15 4
+1 16
+6 8
+6 12
-18 8
+22 8
+7 4
-32 4
+32 4
+45 4
fi=(5)
71 8
fe=(41)
238 8
fi=(5)
71 10
+6 6
+4 9
+14 3
-8 3
+8 6
+13 6
+3 18
fe=(41)
264 162
-99 15
fi=(5)
277 24
fe=(41)
-13 3
fi=(4) /build/glibc-qbmteM/glibc-2.21/elf/do-rel.h
58 3
fe=(41)
264 3
fi=(4)
48 3
-1 6
+11 6
fe=(41)
264 1
-99 5
fi=(5)
277 8
fe=(41)
-13 1
fi=(4)
58 1
fe=(41)
264 1
fi=(4)
48 1
-1 2
+11 2
fe=(41)
264 4
fi=(4)
58 4
fe=(41)
264 4
fi=(4)
48 4
-1 8
+11 8
+3 12
fi=(5)
504 28
+4 28
+2 42
+1 14
fi=(4)
61 54
+2 57
+2 16
-4 3
+13 6
+1 5
+1 10
fi=(5)
504 5
+24 5
fi=(4)
75 5
fi=(5)
528 5
+2 5
cob=(3)
cfi=(48)
cfn=(188)
calls=1 51 
* 10
cob=(3)
cfi=(47)
cfn=(184)
calls=1 30 
* 66
cob=(3)
cfi=(42)
cfn=(182)
calls=1 140 
* 6
cob=(3)
cfi=(44)
cfn=(176)
calls=1 30 
* 66
cob=(3)
cfi=(42)
cfn=(172)
calls=1 114 
* 100
fi=(4)
75 5
fi=(5)
531 5
fi=(4)
75 21
fe=(41)
264 16
+3 12
+32 4
+3 12
+17 12
+2 32
fi=(4)
84 5
+2 10
+12 5
-15 5
+15 5
-15 5
+15 5
+10 6
+3 8
fi=(5)
488 2
fi=(4)
112 4
fi=(5)
488 1194
fi=(4)
112 2380
fi=(5)
488 2380
+5 2384
+1 2384
fi=(4)
111 2384
fi=(5)
494 1192
fi=(4)
111 1192
+7 15
+3 4
+3 4
-3 4
+3 10
fi=(5)
423 6
fi=(4)
127 372
+9 186
+3 186
fi=(5)
245 93
fi=(4)
138 93
-2 93
+1 372
fi=(5)
245 93
+21 186
+4 186
+7 1666
fi=(4)
137 74
fi=(5)
277 148
fi=(4)
138 74
fi=(5)
277 74
fi=(4)
137 74
fi=(5)
277 168
fi=(4)
137 5
fi=(5)
277 10
fi=(4)
138 5
fi=(5)
277 5
fi=(4)
137 5
fi=(5)
277 1116
cfi=(6)
cfn=(166)
calls=79 752 
* 48430
* 632
+2 246
+3 91
-3 182
+3 273
+6 558
fe=(41)
183 8
+81 5
fi=(5)
411 164
fi=(4)
124 282
+19 6
fi=(5)
277 43
fi=(4)
108 3
fi=(5)
383 30
+4 70
+5 30
-71 2
+1 3
fe=(41)
+6 4
-1 8
+1 4
-1 8
+2 8
+3 8
+1 12
cfi=(25)
cfn=(118)
calls=4 81 
* 20
* 8
fi=(5)
-47 8
-9 39
fi=(4)
160 6
+2 20
+8 10
+1 5
-1 5
+1 5
fi=(5)
+74 5
fi=(4)
-75 10
fi=(5)
+75 5
+21 10
+4 10
+7 170
cfi=(6)
cfn=(166)
calls=5 752 
* 2502
* 35
+2 15
+3 1
-3 2
+3 3
+6 30
411 15
fi=(4)
160 15
+14 4
fi=(5)
277 15
fe=(41)

fl=(31)
fn=(144) _dl_receive_error
205 10
+1 1
cfi=(2)
cfn=(94) _dl_initial_error_catch_tsd
calls=1 648 
* 2
+5 1
-1 1
-4 1
+9 1
+2 1
-3 1
+3 1
cfi=(2)
cfn=(146) version_check_doit
calls=1 513 
* 2591
+2 1
+1 1
+1 8

fn=(92)
163 6
+15 3
-3 6
+1 6
-13 6
+14 6
+1 3
+2 3
cfi=(2)
cfn=(94)
calls=3 648 
* 6
+2 3
-1 3
+4 3
-5 3
+2 3
+3 3
-4 3
+4 3
cfi=(32) /build/glibc-qbmteM/glibc-2.21/setjmp/../sysdeps/x86_64/setjmp.S
cfn=(96) __sigsetjmp
calls=3 26 
* 60
* 9
+2 9
cfi=(37)
cfn=(128)
calls=2 60 
* 7365
cfi=(2)
cfn=(98) map_doit
calls=1 480 
* 2467
+1 6
+2 3
+1 3
-3 3
+1 6
+1 3
+9 3
-8 3
+8 9

fl=(24)
fn=(66)
61 15
+4 15
+3 14
+1 14
+2 5
+1 5
+2 5
+1 5
+5 5
+1 5
-1 9
+1 9
+2 10
+1 10
+2 10
+1 10
+5 10
+1 10
-1 4
+1 4
+2 5
+1 5
+2 5
+1 5
+5 5
+1 5
-1 9
+1 9
+2 7
+1 7
+2 7
+1 14
+5 7
+1 7
-1 7
+1 9
+5 2
+1 2
+1 2
+1 2
+2 2
+2 2
+1 2
+2 2
+6 14
+4 14
+12 2
+2 2
+1 2
+26 2
+1 2
+3 2
+1 2
+1 2
+5 2
+2 2
+1 2
+1 2
+1 2
+2 2
+1 2
+1 2
+1 2
+2 2
+1 2
+2 2
+22 2
+2 2
+2 1
+7 1

fl=(23)
fn=(64)
81 12
+2 15

fn=(108)
81 8
+1 2

fn=(124)
81 12
+1 3

fn=(106)
81 28
+1 3
+1 20

fl=(32)
fn=(96)
26 3
+9 3
+1 6
+1 3
+4 3
+1 3
+1 3
+1 3
+1 3
+2 6
+2 3
+1 3
+1 3
+2 6
+2 3
+4 3
+1 3

fl=(13)
fn=(44)
32 15
+2 6
cfi=(2)
cfn=(46) rtld_lock_default_lock_recursive
calls=3 688 
* 6
+2 3
-2 3
+2 19
+3 15
+2 2
+2 2
+4 2
+4 2
-4 4
+1 2
+4 4
-4 2
+1 2
+3 2
-3 2
+2 4
cfi=(2)
cfn=(48) rtld_lock_default_unlock_recursive
calls=2 694 
* 4
-4 1
+4 1
-4 2
+1 1
+4 2
-4 1
+1 1
+3 1
-3 1
+2 2
cfi=(2)
cfn=(48)
calls=1 694 
* 2
-5 2

fn=(28)
61 42
+1 3
cfi=(9)
cfn=(18)
calls=3 -36 
* 154
+6 3
-6 6
+6 6
+7 12
cfi=(15)
cfn=(32)
calls=3 +27 
* 120
* 3
+3 3
-3 3
+3 3
+4 3
+5 6
-6 3
+6 3
-5 3
+4 6
+1 3
cfi=(16)
cfn=(42)
calls=3 -26 
* 88
+10 3
-10 3
+10 3
-8 3
+9 6
-1 9
+1 9
+3 3
-4 3
+1 3
+3 3
+9 3
-7 3
+4 3
+3 8
+2 2
-2 2
+2 30
-2 30
+12 3
+6 3
-5 3
-1 3
+6 15
+2 2
+3 2
-3 2
+3 2
-3 4
+7 6
+4 14
+2 2
+6 1
+6 1
-3 2
+3 3
-3 4
+3 2
+2 4
+4 2
-4 2
cfi=(9)
cfn=(18)
calls=2 26 
* 144
+4 2
-4 8
+4 6
+64 4
+4 24
68 30
+75 4
-41 6
+24 1
+7 5
+78 6
cfi=(24)
cfn=(66)
calls=2 61 
* 71
* 42
+6 40
-1 40
+1 42
-1 2
+1 6
+5 4
-57 4
cfi=(15)
cfn=(36)
calls=2 -72 
* 58
* 2
+1 2
-1 2
+1 6

fl=(82)
fn=(344)
131 8
+22 19
+3 2
cfi=(2)
cfn=(46)
calls=1 688 
* 2
+3 2
+3 2
+2 6
+7 1
+4 1
-4 1
+4 3
+2 2
+3 7
+3 2
+10 8
+2 8
+2 8
+6 4
-6 4
+1 4
-7 4
+8 8
-8 8
+14 2
+5 6
cfn=(346) _dl_sort_fini
calls=1 32 
* 207
+9 2
cfi=(2)
cfn=(48)
calls=1 694 
* 2
+4 4
+2 1
+2 3
-2 3
+2 9
+3 8
+3 12
+4 4
+11 4
+1 2
+1 4
+1 8
+1 4
cob=(4)
cfi=(51)
cfn=(360)
calls=1 0 
* 795
cob=(5)
cfi=(61)
cfn=(348) 0x0000000000400560
calls=1 0 
* 16
-1 8
+5 4
+1 6
cob=(2)
cfi=(14)
cfn=(384)
calls=1 0 
* 3
cob=(2)
cfi=(14)
cfn=(358)
calls=1 0 
* 3
+5 24
+16 8
-55 9
+11 6
+49 6
+6 2
+7 8

fn=(346)
32 9
+2 1
-2 3
+2 1
+6 1
-1 3
+2 1
-2 1
+1 1
-1 2
+1 3
+1 1
-1 1
+1 1
cfi=(26)
cfn=(70)
calls=1 -11 
* 14
+15 3
+62 15
+3 14
cfi=(26)
cfn=(70)
calls=2 -91 
* 18
* 3
-76 9
+1 9
+4 15
+6 3
+1 3
-1 3
+1 3
+2 15
+1 7
+2 9
+1 6
+19 1
+43 8
-32 9
+21 3
-57 8

fl=(2)
fn=(94)
648 8

fn=(22)
738 1
+19 1
-19 9
+19 1
+3 1
-22 1
2353 1
738 1
+22 1
+4 2
+1 2
+5 2
2346 2
+7 4
-4 1
-1 1
+5 8
+2 2
cfi=(11)
cfn=(24)
calls=1 30 
* 78
* 4
cfi=(11)
cfn=(24)
calls=2 30 
* 275
* 9
+4 46
+1 19
-1 57
+3 4
+6 14
+74 4
cfi=(12)
cfn=(26)
calls=1 315 
* 132
* 2
+2 3
-55 4
cfi=(12)
cfn=(26)
calls=1 315 
* 27
* 2
2514 1
2355 1
2514 2
+30 2
780 4
981 7
cfi=(13)
cfn=(28)
calls=1 61 
* 244
+2 1
-2 1
+2 1
+1 1
+1 1
+5 2
-5 1
+1 3
+4 1
cfi=(13)
cfn=(44)
calls=1 32 
* 34
+1 2
747 1
1020 1
-3 1
-5 1
+1 1
+2 1
+5 7
+56 5
-55 24
-1 27
+1 47
1123 5
+3 2
+2 2
+2 2
+13 3
+1 7
cfi=(17)
cfn=(50)
calls=1 131 
* 7
* 2
+7 1
+3 1
-5 1
+3 1
+2 1
+1 2
+4 2
+2 2
fi=(3)
30 1
+9 2
+6 1
-2 1
+2 2
+15 1
+5 1
+3 1
+2 1
-3 1
-3 1
-3 14
+10 3
-26 9
+16 19
+10 19
-26 57
+26 1
-26 3
+2 46
+13 16
+2 4
+16 3
+38 3
+5 2
+7 2
+1 3
+16 3
+14 3
+18 2
fe=(2)
1166 2
cfi=(6)
cfn=(10)
calls=1 897 
* 23
+3 4
fi=(18) /build/glibc-qbmteM/glibc-2.21/elf/setup-vdso.h
24 2
fe=(2)
1191 1
cfi=(19)
cfn=(56)
calls=1 45 
* 85
* 8
-75 2
+1 2
+1 1
-6 2
+1 1
-88 3
+1 1
+16 1
-2 2
+27 1
-25 1
+7 2
-10 1
+10 1
+27 2
-1 2
+1 4
-1 2
+2 4
+1 2
+3 1
+1 2
-4 1
+3 1
+1 2
+1 2
+1 6
+1 2
-55 3
+1 1
fi=(3)
65 4
+3 4
+1 1
+1 3
fe=(2)
2396 4
cfi=(12)
cfn=(26)
calls=1 315 
* 87
* 2
+2 3
1196 2
cfi=(21)
cfn=(60)
calls=1 659 
* 1657
+3 3
cfi=(29)
cfn=(84)
calls=1 50 
* 17
+7 1
-7 1
+2 1
+5 1
+3 3
+1 1
+3 1
-3 3
+1 2
+3 1
+5 1
-7 1
+7 1
+1 5
+17 2
+1 2
+5 1
-3 4
+2 2
+1 3
+5 3
+1 5
+2 2
+1 2
+5 2
+5 1
753 1
1262 2
1439 1
cfi=(30)
cfn=(86) _dl_count_modids
calls=1 115 
* 4
* 1
+8 3
+3 1
+4 3
+5 1
+1 1
cfi=(29)
cfn=(88)
calls=1 74 
* 1
+1 1
+4 3
+15 3
+4 1
-2 1
+2 2
+31 3
cfi=(23)
cfn=(64)
calls=1 81 
* 9
* 2
+77 1
1481 1
1592 3
+17 3
+1 1
-1 1
+1 2
-1 1
+1 5
cfi=(37)
cfn=(126)
calls=1 161 
* 8862
+1 1
+5 1
-5 3
+2 2
+3 4
+1 4
-1 2
+1 12
-1 6
+4 3
+1 3
+1 1
+2 2
+1 13
-1 6
-28 5
+1 1
-1 3
+4 3
+1 1
+1 2
+1 4
+35 1
-1 2
+1 1
+2 1
+2 3
+2 1
-4 1
+5 1
-1 2
+14 2
+1 2
+1 3
+11 1
+2 1
-2 1
+2 1
-1 1
+1 1
-2 1
+2 1
-2 2
+2 1
cfi=(31)
cfn=(144)
calls=1 205 
* 2621
+10 1
+1 1
-1 1
+1 1
+1 1
cfn=(154) init_tls
calls=1 580 
* 591
* 1
+2 2
703 1
fi=(88) /build/glibc-qbmteM/glibc-2.21/elf/../sysdeps/unix/sysv/linux/dl-osinfo.h
64 2
fe=(2)
705 1
fi=(88)
77 1
fe=(2)
714 1
+7 1
-5 1
1692 2
1922 3
2092 4
+2 1
+5 2
cfi=(30)
cfn=(194) _dl_allocate_tls_init
calls=1 450 
* 231
+3 2
+9 3
+2 2
+15 1
+3 1
-3 1
+3 1
-3 2
+3 2
-3 1
+2 1
+1 1
cfi=(41)
cfn=(160)
calls=1 154 
* 5089
+1 4
+2 2
+8 1
cfi=(7)
cfn=(196)
calls=1 256 
* 1
+4 3
+20 3
cfi=(29)
cfn=(84)
calls=1 50 
* 8
+1 1
-1 1
+2 1
cfi=(29)
cfn=(88)
calls=1 74 
* 1
+1 1
+4 1
cfi=(39)
cfn=(198)
calls=1 322 
* 15
+5 8
2043 3
+7 1
+2 3
+19 1
-19 4
+2 1
+2 12
+5 8
+2 8
+6 4
+2 8
+1 24
cfi=(41)
cfn=(160)
calls=3 154 
* 71018
+4 14
-22 10
+25 5
+2 1
+6 1
-6 1
+6 1
-10 2
cfi=(30)
cfn=(192) _dl_add_to_slotinfo
calls=1 889 
* 20
* 1
-12 1
+1 1
-3 2
-85 1
+11 1
-7 1
-4 1
+4 3
+4 2
+3 1
1491 2
cfi=(9)
cfn=(18)
calls=1 26 
* 96
* 9
cfi=(16)
cfn=(42)
calls=1 61 
* 76
* 1
+3 6
+3 3
cfi=(15)
cfn=(76)
calls=1 338 
* 766
* 3
cfi=(15)
cfn=(76)
calls=1 338 
* 6
* 6
+1 2
+1 3
+2 4
cfn=(90) do_preload
calls=1 654 
* 2557
* 2
+2 6
+2 3
1635 2
1185 3

fn=(2)
337 9
+18 4
fi=(5)
58 1
fe=(2)
355 1
fi=(3)
45 1
fi=(5)
+13 2
fe=(2)
381 1
fi=(3)
45 1
fe=(2)
378 1
fi=(3)
45 1
+25 2
-3 1
-7 1
+5 1
+3 1
+2 1
-3 1
-3 1
-3 2
-13 26
+23 13
-26 39
+26 1
-26 3
+2 36
+13 20
+1 16
+10 4
-26 12
+33 2
+20 4
+1 4
+1 4
+1 4
+2 4
+5 4
+1 4
+1 4
+6 3
+5 2
+7 3
+1 3
+8 3
+2 3
+3 2
+1 2
fe=(2)
392 2
286 1
399 1
286 1
cfi=(6)
cfn=(10)
calls=1 897 
* 23
+1 2
+1 2
+1 2
+1 2
+8 1
+9 1
-9 3
+9 1
-6 1
-3 1
+9 1
cfi=(7)
cfn=(12)
calls=1 86 
* 96331
* 1
+9 5
+3 1
+4 1
-4 1
+4 1
424 9
fi=(3)
62 4
+3 4
fe=(2)
397 26
fi=(4)
84 1
+27 1
-28 1
+28 2
+1 2
fi=(5)
493 2
fi=(4)
112 18
fi=(5)
493 18
+1 20
fi=(4)
111 20
fi=(5)
494 10
fi=(4)
111 10
+5 2
+8 1
fi=(5)
288 1
fi=(4)
124 2
+13 1
+2 2
-2 1
fi=(5)
242 1
fi=(4)
137 1
fi=(5)
270 1
fi=(4)
137 2
fi=(5)
270 1
fi=(4)
137 6
+2 12
-2 6
fi=(5)
242 6
fi=(4)
137 6
fi=(5)
270 6
fi=(4)
137 12
fi=(5)
270 6
+9 14
+3 7
-3 14
+3 21
+6 42
fi=(3)
68 4
+1 1
+1 2
fi=(5)
392 7
+9 7
fi=(4)
124 22
fe=(2)

fn=(154)
580 1
-1 1
-6 1
+2 2
+4 1
+10 4
cfi=(15)
cfn=(32)
calls=1 102 
* 38
* 1
+11 1
-15 1
+3 1
+6 1
+2 1
-11 1
+15 1
+2 1
-1 1
+1 10
+2 8
+4 1
+2 1
-2 2
-5 8
+9 3
+3 1
cfi=(30)
cfn=(156) _dl_determine_tlsoffset
calls=1 138 
* 70
+7 1
cfi=(30)
cfn=(158) _dl_allocate_tls_storage
calls=1 354 
* 412
+1 1
-1 1
+1 1
+6 1
+3 1
-3 1
+3 6
+3 1
+2 1
+1 2

fn=(98)
480 1
+2 1
-2 1
+3 2
-1 3
+1 3
cfi=(21)
cfn=(100)
calls=1 2141 
* 2453
* 1
+2 2

fn=(48)
694 8

fn=(46)
688 8

fn=(146)
513 2
+2 4
cfi=(40)
cfn=(148)
calls=1 380 
* 2581
* 2
+4 2

fn=(90)
654 4
+12 1
-12 2
+10 1
-4 1
+1 1
+5 4
-10 1
+6 1
+4 1
cfi=(31)
cfn=(92)
calls=1 163 
* 2529
+1 3
+8 3
+6 5

fl=(30)
fn=(86)
115 2
+1 2

fn=(342)
828 1
+2 3
+3 3
+2 2
+3 1
+1 1

fn=(194)
450 2
-1 7
+5 1
+6 3
-6 1
+6 1
+12 1
-15 1
-1 1
+16 2
+5 7
+6 7
+23 2
+1 4
+2 2
+1 1
+10 1
-10 1
+8 4
+1 1
+1 2
cfi=(24)
cfn=(66)
calls=1 61 
* 23
* 5
cfi=(26)
cfn=(70)
calls=1 30 
* 118
* 3
-43 5
+6 2
+3 1
+1 2
+6 3
+1 2
+3 2
-1 2
+38 2
+2 1
+1 8

fn=(142)
49 1
+3 4
+48 1
+4 2

fn=(158)
354 3
+2 1
+11 3
cfi=(15)
cfn=(40)
calls=1 51 
* 49
* 1
+1 1
-1 1
+1 1
+7 1
+4 1
-57 1
+57 296
-58 2
+1 2
cfi=(15)
cfn=(32)
calls=1 102 
* 38
* 1
+1 2
+9 1
-6 1
+70 1
-64 1
+64 4

fn=(192)
889 3
+9 1
-9 1
+6 2
+8 5
+41 1
+1 3
+1 4

fn=(156)
138 7
+6 3
+3 2
+36 3
+2 10
+3 1
-1 1
+5 2
-4 1
-1 3
+3 2
+2 4
+16 3
+2 1
+1 1
-3 2
+2 2
+10 1
-37 2
+25 1
-25 4
+40 4
+1 1
+51 1
+1 8

fl=(9)
fn=(18)
26 14
+1 14
+1 14
+1 14
+2 6
+1 6
+2 6
+1 6
-1 18
+1 18
+1 23
+1 23
+1 23
+2 26
+5 13
+1 13
+1 13
+1 13
+3 13
-6 4
+1 4
+1 4
+1 4
+3 4
+1 16
+1 16
+1 16
+2 16
+3 14
+1 14
+1 14
+1 14
+3 14
+1 9
+1 9
+1 9
+2 9
+3 7
+1 7
+1 7
+1 7
+3 7
+1 7
+1 7
+1 7
+2 7
+3 7
+1 7
+1 7
+1 7
+3 7
+1 4
+1 4
+1 4
+2 4
+3 13
+2 13
+1 13
+1 13
+2 13
+1 13
+1 13
+2 13
+1 13
+1 11
+2 11
+1 11
+1 9
+2 9
+2 9
+1 9
+1 8
+2 8
+1 8
+1 8
+2 8
+1 8
+1 6
+2 6
+1 6
-1 8
+1 8

fl=(22)
fn=(62)
39 8
+3 1
-1 1
+1 1
+9 1
-12 4
+3 1
+9 2
+10 4
+54 3
cfi=(23)
cfn=(64)
calls=1 -34 
* 9
* 2
-2 1
+17 1
+1 1
-1 8
+32 2
+8 2
+2 3
+1 5
+4 2
+4 1
-4 1
+1 1
+3 1
+3 2
+4 6
+1 1
-1 6
+1 1
+18 11
+1 1
-1 2
+1 3
cfi=(15)
cfn=(36)
calls=1 93 
* 29
* 1
+1 1
-1 1
+1 4
+29 1
+3 1
-3 2
+3 1
+28 10
+1 2
-1 2
+1 6
-1 8
+5 7
+3 1
-3 1
+3 2
-3 1
+3 1
-3 2
+3 1
-3 1
+3 2
-3 1
+3 3
+1 24
+1 4
-2 4
+1 8
-1 14
+4 4
+3 1
+2 2
-1 1
-1 2
+2 10
+13 2
+1 1
-1 1
+3 2
-3 2
+1 1
-1 1
+3 2
+3 3
+3 1
-1 1
+1 7
-65 4
cfi=(24)
cfn=(66)
calls=1 61 
* 22
+1 2
-1 2
+1 1
cfi=(24)
cfn=(66)
calls=1 61 
* 22
* 4

ob=(5)
fl=(61)
fn=(284)
0 22
cfn=(286) Matrixmultiplic
calls=1 0 
0 16733
0 4
cob=(3)
cfi=(69)
cfn=(294)
calls=1 28 
0 935
0 1
0 6

fn=(348)
0 5
cfn=(352) 0x00000000004004e0
calls=1 0 
0 8
0 3

fn=(244)
0 11
cob=(3)
cfi=(64)
cfn=(258)
calls=1 134 
0 20677
cob=(1)
cfi=(62)
cfn=(252)
calls=1 58 
0 955
0 5

fn=(264)
0 16
cob=(2)
cfi=(14)
cfn=(266)
calls=1 0 
0 6
0 7
cfn=(270) 0x0000000000400580
calls=1 0 
0 16
0 11

fn=(270)
0 16

fn=(288) print_optimal
0 12
cob=(3)
cfi=(69)
cfn=(294)
calls=1 28 
0 535
cob=(1)
cfi=(62)
cfn=(252)
calls=1 58 
0 798
0 5
0 17
cfn=(289) print_optimal'2
calls=1 0 
0 644
0 18
cfn=(289)
calls=1 0 
0 7574
0 3
cob=(3)
cfi=(69)
cfn=(294)
calls=1 28 
0 228
0 1
0 3

fn=(289)
0 166
cob=(3)
cfi=(69)
cfn=(294)
calls=8 28 
0 5000
0 8
0 26
cob=(3)
cfi=(69)
cfn=(294)
calls=6 28 
0 1368
0 6
0 102
cfn=(289)
calls=6 0 
0 3864
0 108
cfn=(289)
calls=6 0 
0 21189
0 18
cob=(3)
cfi=(69)
cfn=(294)
calls=6 28 
0 1368
0 6
0 42

fn=(286)
0 6876
cfn=(288)
calls=1 0 
0 9838
0 19

fn=(352)
0 8

totals: 120243
