version: 1
creator: callgrind-3.11.0
pid: 6040
cmd:  ./max_subarray 5000000
part: 1


desc: I1 cache: 
desc: D1 cache: 
desc: LL cache: 

desc: Timerange: Basic block 0 - 728274304
desc: Trigger: Program termination

positions: line
events: Ir
summary: 4168754433


ob=(4) /usr/lib/valgrind/vgpreload_core-amd64-linux.so
fl=(51) ???
fn=(514) 0x0000000000000650
0 8
cob=(3) /lib/x86_64-linux-gnu/libc-2.21.so
cfi=(112) /build/glibc-qbmteM/glibc-2.21/stdlib/cxa_finalize.c
cfn=(526) __cxa_finalize
calls=1 31 
0 59
cob=(1) /lib/x86_64-linux-gnu/ld-2.21.so
cfi=(62) /build/glibc-qbmteM/glibc-2.21/elf/../sysdeps/x86_64/dl-trampoline.S
cfn=(252) _dl_runtime_resolve
calls=1 58 
0 716
0 5
0 1
cfn=(532) 0x00000000000005c0
calls=1 0 
0 9
0 3

fn=(212) 0x0000000000000690
0 17

fn=(532)
0 9

ob=(1)
fl=(22) /build/glibc-qbmteM/glibc-2.21/elf/dl-hwcaps.c
fn=(62) _dl_important_hwcaps
39 8
+3 1
-1 1
+1 1
+9 1
-12 4
+3 1
+9 2
+10 4
+54 3
cfi=(23) /build/glibc-qbmteM/glibc-2.21/io/../sysdeps/unix/syscall-template.S
cfn=(64) access
calls=1 -34 
* 9
* 2
-2 1
+17 1
+1 1
-1 8
+32 2
+8 2
+2 3
+1 5
+4 2
+4 1
-4 1
+1 1
+3 1
+3 2
+4 6
+1 1
-1 6
+1 1
+18 11
+1 1
-1 2
+1 3
cfi=(15) /build/glibc-qbmteM/glibc-2.21/elf/dl-minimal.c
cfn=(36) malloc
calls=1 93 
* 29
* 1
+1 1
-1 1
+1 4
+29 1
+3 1
-3 2
+3 1
+28 10
+1 2
-1 2
+1 6
-1 8
+5 7
+3 1
-3 1
+3 2
-3 1
+3 1
-3 2
+3 1
-3 1
+3 2
-3 1
+3 3
+1 24
+1 4
-2 4
+1 8
-1 14
+4 4
+3 1
+2 2
-1 1
-1 2
+2 10
+13 2
+1 1
-1 1
+3 2
-3 2
+1 1
-1 1
+3 2
+3 3
+3 1
-1 1
+1 7
-65 4
cfi=(24) /build/glibc-qbmteM/glibc-2.21/string/../sysdeps/x86_64/memcpy.S
cfn=(66) mempcpy
calls=1 61 
* 22
+1 2
-1 2
+1 1
cfi=(24)
cfn=(66)
calls=1 61 
* 22
* 4

fl=(41) /build/glibc-qbmteM/glibc-2.21/elf/dl-reloc.c
fn=(160) _dl_relocate_object
154 40
+15 4
-15 8
+15 4
+1 16
+6 8
+6 12
-18 8
+22 8
+7 4
-32 4
+32 4
+45 4
fi=(5) /build/glibc-qbmteM/glibc-2.21/elf/../sysdeps/x86_64/dl-machine.h
71 8
fe=(41)
238 8
fi=(5)
71 10
+6 6
+4 9
+14 3
-8 3
+8 6
+13 6
+3 18
fe=(41)
264 153
-99 15
fi=(5)
277 24
fe=(41)
-13 3
fi=(4) /build/glibc-qbmteM/glibc-2.21/elf/do-rel.h
58 3
fe=(41)
264 3
fi=(4)
48 3
-1 6
+11 6
fe=(41)
264 1
-99 5
fi=(5)
277 8
fe=(41)
-13 1
fi=(4)
58 1
fe=(41)
264 1
fi=(4)
48 1
-1 2
+11 2
fe=(41)
264 4
fi=(4)
58 4
fe=(41)
264 4
fi=(4)
48 4
-1 8
+11 8
+3 12
fi=(5)
504 44
+4 44
+2 66
+1 22
fi=(4)
61 78
+2 81
+2 16
-4 3
+13 6
+1 5
+1 10
fi=(5)
504 5
+24 5
fi=(4)
75 5
fi=(5)
528 5
+2 5
cob=(3)
cfi=(48) /build/glibc-qbmteM/glibc-2.21/string/../sysdeps/x86_64/multiarch/memmove.c
cfn=(188) memcpy@GLIBC_2.2.5
calls=1 51 
* 10
cob=(3)
cfi=(47) /build/glibc-qbmteM/glibc-2.21/time/../sysdeps/unix/sysv/linux/x86/gettimeofday.c
cfn=(184) gettimeofday
calls=1 30 
* 66
cob=(3)
cfi=(42) /build/glibc-qbmteM/glibc-2.21/string/../sysdeps/x86_64/multiarch/strcmp.S
cfn=(182) strncasecmp
calls=1 140 
* 6
cob=(3)
cfi=(44) /build/glibc-qbmteM/glibc-2.21/time/../sysdeps/unix/sysv/linux/x86/time.c
cfn=(176) time
calls=1 30 
* 66
cob=(3)
cfi=(42)
cfn=(172) strcasecmp
calls=1 114 
* 100
fi=(4)
75 5
fi=(5)
531 5
fi=(4)
75 21
fe=(41)
264 16
+3 12
+32 4
+3 12
+17 12
+2 32
fi=(4)
84 5
+2 10
+12 5
-15 5
+15 5
-15 5
+15 5
+10 6
+3 8
fi=(5)
488 2
fi=(4)
112 4
fi=(5)
488 1194
fi=(4)
112 2380
fi=(5)
488 2380
+5 2384
+1 2384
fi=(4)
111 2384
fi=(5)
494 1192
fi=(4)
111 1192
+7 15
+3 4
+3 4
-3 4
+3 8
fi=(5)
423 4
fi=(4)
127 368
+9 184
+3 184
fi=(5)
245 92
fi=(4)
138 92
-2 92
+1 368
fi=(5)
245 92
+21 184
+4 184
+7 1645
fi=(4)
137 73
fi=(5)
277 146
fi=(4)
138 73
fi=(5)
277 73
fi=(4)
137 73
fi=(5)
277 166
fi=(4)
137 5
fi=(5)
277 10
fi=(4)
138 5
fi=(5)
277 5
fi=(4)
137 5
fi=(5)
277 1102
cfi=(6) /build/glibc-qbmteM/glibc-2.21/elf/dl-lookup.c
cfn=(166) _dl_lookup_symbol_x
calls=78 752 
* 48015
* 624
+2 243
+3 91
-3 182
+3 273
+6 552
fe=(41)
183 8
+81 5
fi=(5)
411 162
fi=(4)
124 278
+19 4
fi=(5)
277 43
fi=(4)
108 3
fi=(5)
383 30
+4 70
+5 30
-71 2
+1 3
fe=(41)
+6 4
-1 8
+1 4
-1 8
+2 8
+3 8
+1 12
cfi=(25) /build/glibc-qbmteM/glibc-2.21/misc/../sysdeps/unix/syscall-template.S
cfn=(118) mprotect
calls=4 81 
* 20
* 8
fi=(5)
-47 11
-9 39
fi=(4)
160 6
+2 20
+8 10
+1 5
-1 5
+1 5
fi=(5)
+74 5
fi=(4)
-75 10
fi=(5)
+75 5
+21 10
+4 10
+7 170
cfi=(6)
cfn=(166)
calls=5 752 
* 2502
* 35
+2 15
+3 1
-3 2
+3 3
+6 30
411 15
fi=(4)
160 15
+14 4
fi=(5)
277 15
fe=(41)

fl=(37) /build/glibc-qbmteM/glibc-2.21/elf/dl-deps.c
fn=(128) openaux
60 4
+7 2
-4 6
+1 2
-1 2
+1 2
-1 10
cfi=(21) /build/glibc-qbmteM/glibc-2.21/elf/dl-load.c
cfn=(100) _dl_map_object
calls=2 2141 
* 7331
* 2
+5 4

fn=(126) _dl_map_object_deps
161 1
-1 1
+1 1
-1 5
+1 1
-1 2
+1 1
-1 2
+1 1
-1 1
+1 3
-15 1
+15 1
-17 1
+1 1
+1 1
+6 3
+26 1
-26 1
+26 7
-34 1
+2 1
+33 2
-33 1
-2 1
+2 2
-2 1
+1 1
+1 1
+6 3
+26 1
-26 1
+26 5
+4 1
+21 1
+1 1
-22 2
+19 1
-12 1
+15 1
-16 3
+13 1
317 9
217 1
-4 1
-4 1
+8 4
-4 3
-4 3
+8 3
+12 4
+2 2
+11 2
-5 2
-6 4
+5 2
+2 4
+1 4
+3 14
+50 6
+1 3
-51 180
+1 90
+6 10
cfi=(27) /build/glibc-qbmteM/glibc-2.21/string/../sysdeps/x86_64/multiarch/../strchr.S
cfn=(72) index
calls=2 24 
* 70
* 4
+5 10
-3 2
+3 2
cfi=(31) /build/glibc-qbmteM/glibc-2.21/elf/dl-error.c
cfn=(92) _dl_catch_error
calls=2 -91 
* 7489
+2 6
+15 2
+2 4
+15 2
-10 2
+6 2
-6 2
+8 2
-8 2
+10 2
-7 2
+7 2
-6 2
+1 2
+5 2
-4 2
+4 4
+7 129
459 12
+2 6
+3 4
-1 2
cfi=(15)
cfn=(36)
calls=2 93 
* 58
* 2
+2 2
-2 2
+2 2
+4 8
-1 2
+1 2
cfi=(16) /build/glibc-qbmteM/glibc-2.21/string/../sysdeps/x86_64/multiarch/../memcpy.S
cfn=(42) memcpy
calls=2 61 
* 41
+1 10
cfi=(16)
cfn=(42)
calls=2 61 
* 41
+4 2
-1 2
+5 22
+7 6
+1 1
+3 4
+11 3
-1 1
cfi=(15)
cfn=(36)
calls=1 93 
* 29
* 1
+3 1
-3 1
+3 1
+5 3
+1 1
-1 5
+1 2
+8 3
+4 1
-10 1
+10 2
-10 2
-2 3
+8 9
+4 3
-10 3
+10 6
-10 6
+13 3
+51 5
+2 3
+42 2
+1 2
-1 4
+1 2
cfi=(26) /build/glibc-qbmteM/glibc-2.21/string/../sysdeps/x86_64/multiarch/../rtld-memset.S
cfn=(70) memset
calls=1 30 
* 14
* 1
-2 9
+7 1
-1 1
+1 1
-1 2
+7 1
-7 1
+7 2
-13 2
+7 2
-1 2
+1 2
-1 4
+7 2
-7 2
+7 6
+2 8
+1 4
-1 4
+1 3
+2 9
+1 6
+28 18
cfi=(26)
cfn=(70)
calls=2 30 
* 18
* 10
-6 3
-28 6
+31 10
-6 2
+16 2
+2 1
+1 1
-1 1
+2 3
+7 3
+3 3
+3 8
481 9
-1 4
+1 10
202 2
+16 23
+2 2
+2 8
+2 22
+5 2
-5 6
+5 10
-19 4
611 8
cfi=(16)
cfn=(42)
calls=1 61 
* 28
+2 1
-38 1
+38 1
-2 6
209 2

fl=(27)
fn=(72)
24 7
+1 7
+1 7
+1 7
+1 7
+1 7
+1 7
+1 7
+1 7
+1 7
+1 7
+1 7
+1 7
+1 7
+1 7
+1 7
+1 7
+1 5
+4 5
+1 5
+1 5
+1 5
+2 5
+4 2
+1 2
+1 2
+1 2
+1 2
+1 2
+1 2
+1 2
+1 2
+1 2
+1 2
+1 2
+1 2
+1 2
+1 2
+1 2
+1 2
+1 2
+1 2
+1 2
+1 2
+1 2
+1 2
+1 2
+52 2
+4 2
+1 2
+1 2
+1 2
+2 2

fl=(29) /build/glibc-qbmteM/glibc-2.21/elf/dl-debug.c
fn=(88) _dl_debug_state
74 2

fn=(84) _dl_debug_initialize
50 8
+5 6
+5 2
-1 1
+1 2
+1 2
-1 2
-9 4
+4 8
+4 1
-1 1
-58 4

fl=(25)
fn=(68) mmap
81 45
+1 9

fn=(118)
81 24
+1 6

fn=(200) munmap
81 4
+1 1

fl=(32) /build/glibc-qbmteM/glibc-2.21/setjmp/../sysdeps/x86_64/setjmp.S
fn=(96) __sigsetjmp
26 3
+9 3
+1 6
+1 3
+4 3
+1 3
+1 3
+1 3
+1 3
+2 6
+2 3
+1 3
+1 3
+2 6
+2 3
+4 3
+1 3

fl=(30) /build/glibc-qbmteM/glibc-2.21/elf/dl-tls.c
fn=(192) _dl_add_to_slotinfo
889 3
+9 1
-9 1
+6 2
+8 5
+41 1
+1 3
+1 4

fn=(158) _dl_allocate_tls_storage
354 3
+2 1
+11 3
cfi=(15)
cfn=(40) __libc_memalign
calls=1 51 
* 49
* 1
+1 1
-1 1
+1 1
+7 1
+4 1
-57 1
+57 296
-58 2
+1 2
cfi=(15)
cfn=(32) calloc
calls=1 102 
* 38
* 1
+1 2
+9 1
-6 1
+70 1
-64 1
+64 4

fn=(156) _dl_determine_tlsoffset
138 7
+6 3
+3 2
+36 3
+2 10
+3 1
-1 1
+5 2
-4 1
-1 3
+3 2
+2 4
+16 3
+2 1
+1 1
-3 2
+2 2
+10 1
-37 2
+25 1
-25 4
+40 4
+1 1
+51 1
+1 8

fn=(142) _dl_next_tls_modid
49 1
+3 4
+48 1
+4 2

fn=(476) __tls_get_addr
828 1
+2 3
+3 3
+2 2
+3 1
+1 1

fn=(194) _dl_allocate_tls_init
450 2
-1 7
+5 1
+6 3
-6 1
+6 1
+12 1
-15 1
-1 1
+16 2
+5 7
+6 7
+23 2
+1 4
+2 2
+1 1
+10 1
-10 1
+8 4
+1 1
+1 2
cfi=(24)
cfn=(66)
calls=1 61 
* 23
* 5
cfi=(26)
cfn=(70)
calls=1 30 
* 118
* 3
-43 5
+6 2
+3 1
+1 2
+6 3
+1 2
+3 2
-1 2
+38 2
+2 1
+1 8

fn=(86) _dl_count_modids
115 2
+1 2

fl=(17) /build/glibc-qbmteM/glibc-2.21/string/../sysdeps/x86_64/multiarch/../strcmp.S
fn=(50) strcmp
131 241
+1 241
+1 241
+1 136
+1 136
+1 136
+1 136
cfn=(51) strcmp'2
calls=136 -6 
* 9889
+5 105
+1 105
+1 105
+1 105

fn=(51)
131 1377
+1 1377
+1 1377
+1 1366
+1 1366
+1 1366
+1 1366
cfn=(51)
calls=1241 -6 
* 53477
+2 125
+1 125
+2 11
+1 11
+1 11
+1 11

fl=(7) /build/glibc-qbmteM/glibc-2.21/elf/../elf/dl-sysdep.c
fn=(12) _dl_sysdep_start
86 7
+25 1
-1 1
+1 1
-25 1
+25 168
+3 1
-3 1
+4 1
-1 1
+3 1
-6 1
+6 7
+1 3
-1 6
+1 105
-1 82
fi=(19) /build/glibc-qbmteM/glibc-2.21/elf/../sysdeps/unix/sysv/linux/dl-sysdep.c
-82 2
cfi=(8) /build/glibc-qbmteM/glibc-2.21/elf/../sysdeps/unix/sysv/linux/x86_64/brk.c
cfn=(14) brk
calls=1 -4 
* 12
fi=(5)
201 5
fe=(7)
+33 2
cfi=(10) /build/glibc-qbmteM/glibc-2.21/elf/../misc/sbrk.c
cfn=(20) sbrk
calls=1 34 
* 17
* 3
+12 3
+3 6
cfi=(2) /build/glibc-qbmteM/glibc-2.21/elf/rtld.c
cfn=(22) dl_main
calls=1 738 
* 95170
+1 1
+1 8
151 1
+1 1
+27 1
+1 1
-17 1
+1 1
-7 1
+1 1
-4 1
+1 1
-25 1
+1 1
-4 1
+1 1
-7 1
+1 1
+2 1
+1 1
232 1
cfi=(9) /build/glibc-qbmteM/glibc-2.21/string/../sysdeps/x86_64/rtld-strlen.S
cfn=(18) strlen
calls=1 26 
* 35
* 2

fn=(196) _dl_sysdep_start_cleanup
256 1

fl=(26)
fn=(70)
30 13
+1 13
+1 13
+1 2209
+1 13
+1 13

fl=(15)
fn=(82) free
121 2
+7 1

fn=(32)
102 8
+8 8
-1 16
-3 8
+4 16
+3 8
cfn=(36)
calls=8 -20 
* 262
* 8

fn=(40)
51 66
+1 87
+11 21
+1 21
-1 21
+3 21
-3 21
+3 42
-3 1
+1 1
-1 1
+3 1
-3 1
+3 78
+4 12
+1 6
+6 24
cfi=(25)
cfn=(68)
calls=3 +4 
* 18
+2 15
+4 9
+3 3
+1 3
+2 15
-3 19
+1 19
+2 95
-31 3
+1 1
-2 3

fn=(36)
93 21
+1 42
cfn=(40)
calls=21 -43 
* 579
* 21

fn=(76) strsep
338 8
+2 4
+1 8
+4 132
+7 366
-2 244
+13 2
+4 4
-7 61
-15 187

fl=(33) /build/glibc-qbmteM/glibc-2.21/elf/dl-misc.c
fn=(138) _dl_sysdep_read_whole_file
45 2
+7 1
-7 3
+7 1
-7 1
+1 1
-1 1
+7 1
cfi=(23)
cfn=(106) open
calls=1 +29 
* 5
+1 1
-1 1
+1 1
+2 4
cfi=(34) /build/glibc-qbmteM/glibc-2.21/io/../sysdeps/unix/sysv/linux/wordsize-64/fxstat.c
cfn=(114) _fxstat
calls=1 -21 
* 10
* 2
+2 1
+3 1
-3 1
+3 1
+13 2
cfi=(23)
cfn=(124) close
calls=1 +8 
* 5
+3 7
-14 6
cfi=(25)
cfn=(68)
calls=1 +19 
* 6
* 2

fn=(102) _dl_name_match_p
288 280
+1 112
cfi=(17)
cfn=(50)
calls=56 131 
* 399
* 56
+1 56
-1 56
+3 56
+2 112
+4 57
-4 114
+1 180
cfi=(17)
cfn=(50)
calls=60 131 
* 832
* 120
-5 3
+11 68
-1 53
+1 212

fl=(20) /build/glibc-qbmteM/glibc-2.21/posix/../sysdeps/unix/syscall-template.S
fn=(58) uname
81 4
+1 1

fl=(50) /build/glibc-qbmteM/glibc-2.21/elf/dl-init.c
fn=(206) call_init.part.0
28 20
+8 4
+3 4
-3 8
+3 12
+5 21
+5 4
+9 14
cob=(3)
cfi=(52) /build/glibc-qbmteM/glibc-2.21/csu/../csu/init-first.c
cfn=(220) _init
calls=1 -6 
* 179
cob=(2) ???
cfi=(14) ???
cfn=(208) 0x0000000004a26560
calls=1 -58 
* 6
* 2
+4 4
+6 2
+2 4
-2 4
+3 10
+1 8
cob=(3)
cfi=(58) /build/glibc-qbmteM/glibc-2.21/string/../sysdeps/x86_64/multiarch/../cacheinfo.c
cfn=(232) init_cacheinfo
calls=1 561 
* 1113
cob=(4)
cfi=(51)
cfn=(212)
calls=1 -72 
* 17
* 4
cob=(3)
cfi=(60) /build/glibc-qbmteM/glibc-2.21/elf/dl-altinit.c
cfn=(240) dlinit_alt
calls=1 -39 
* 4
* 3
-1 6
+3 24
-29 3
-5 3

fn=(204) _dl_init
80 11
+1 1
+1 1
+3 3
+8 2
+1 2
+25 15
+1 12
-90 20
cfn=(206)
calls=3 -2 
* 1406
* 3
+96 8
-96 2
+58 2
+16 1
cfn=(206)
calls=1 -76 
* 77
* 1

fl=(71) /build/glibc-qbmteM/glibc-2.21/elf/dl-open.c
fn=(296) _dl_find_dso_for_object
182 5
+1 4
+1 12
+1 2
+3 2
+4 1
-9 6

fl=(16)
fn=(42)
61 14
+2 14
+2 14
+3 11
+1 11
+2 4
+1 4
+2 4
+1 4
+5 4
+1 4
-1 7
+1 7
+2 3
+1 3
+2 3
+1 6
+5 3
+1 3
-1 8
+1 8
+2 2
+1 2
+2 2
+1 2
+5 2
+1 2
-1 9
+1 9
+2 6
+1 6
+2 6
+1 6
+5 6
+1 6
-1 5
+1 9
+5 4
+1 4
+1 4
+1 4
+2 4
+2 4
+1 4
+2 4
+8 11
+8 6
+6 6
+2 6
+1 6
+3 1
+1 3
+5 1
+1 1
+2 1
+2 1
+1 1
+2 1
-8 6
+1 6
+2 6
+2 6
+1 6
+2 8
+9 1
+1 1
-1 5
+1 5
+3 6
+1 6
+1 6
+5 6
+2 6
+1 6
+1 6
+1 6
+2 6
+1 6
+1 6
+1 6
+2 6
+1 6
+2 6
+22 6
+6 6
+1 6
+2 3

fl=(1) ???
fn=(0) 0x0000000000000cd0
0 2
cfi=(2)
cfn=(2) _dl_start
calls=1 337 
0 96351
0 14
cfi=(50)
cfn=(204)
calls=1 80 
0 1567
0 3
cob=(5) /home/otavio/cc/paralela/trabalhos/t2/max_sub/max_subarray
cfi=(61) ???
cfn=(244) _start
calls=1 0 
0 4168656496

fl=(9)
fn=(18)
26 14
+1 14
+1 14
+1 14
+2 5
+1 5
+2 5
+1 5
-1 21
+1 21
+1 25
+1 25
+1 25
+2 26
+5 13
+1 13
+1 13
+1 13
+3 13
-6 4
+1 4
+1 4
+1 4
+3 4
+1 16
+1 16
+1 16
+2 16
+3 14
+1 14
+1 14
+1 14
+3 14
+1 9
+1 9
+1 9
+2 9
+3 7
+1 7
+1 7
+1 7
+3 7
+1 7
+1 7
+1 7
+2 7
+3 7
+1 7
+1 7
+1 7
+3 7
+1 4
+1 4
+1 4
+2 4
+3 13
+2 13
+1 13
+1 12
+2 12
+1 12
+1 12
+2 12
+1 12
+1 9
+2 9
+1 9
+1 9
+2 9
+2 9
+1 9
+1 9
+2 9
+1 9
+1 9
+2 9
+1 9
+1 6
+2 6
+1 6
-1 8
+1 8

fl=(28) /build/glibc-qbmteM/glibc-2.21/string/strdup.c
fn=(78) strdup
40 12
+1 3
cfi=(9)
cfn=(18)
calls=3 -15 
* 188
* 3
+1 6
cfi=(15)
cfn=(36)
calls=3 +51 
* 87
* 3
+2 6
+4 3
-1 6
+1 6
-1 6
cfi=(16)
cfn=(42)
calls=3 +14 
* 106

fl=(111) /build/glibc-qbmteM/glibc-2.21/elf/dl-fini.c
fn=(498) _dl_fini
131 8
+22 19
+3 2
cfi=(2)
cfn=(46) rtld_lock_default_lock_recursive
calls=1 688 
* 2
+3 2
+3 2
+2 6
+7 1
+4 1
-4 1
+4 3
+2 2
+3 7
+3 2
+10 8
+2 8
+2 8
+6 4
-6 4
+1 4
-7 4
+8 8
-8 8
+14 2
+5 6
cfn=(500) _dl_sort_fini
calls=1 32 
* 207
+9 2
cfi=(2)
cfn=(48) rtld_lock_default_unlock_recursive
calls=1 694 
* 2
+4 4
+2 1
+2 3
-2 3
+2 9
+3 8
+3 12
+4 4
+11 4
+1 2
+1 4
+1 8
+1 4
cob=(4)
cfi=(51)
cfn=(514)
calls=1 0 
* 801
cob=(5)
cfi=(61)
cfn=(502) 0x00000000004007b0
calls=1 0 
* 16
-1 8
+5 4
+1 6
cob=(2)
cfi=(14)
cfn=(538) 0x0000000004a267f8
calls=1 0 
* 3
cob=(2)
cfi=(14)
cfn=(512) 0x0000000000400b7c
calls=1 0 
* 3
+5 24
+16 8
-55 9
+11 6
+49 6
+6 2
+7 8

fn=(500)
32 9
+2 1
-2 3
+2 1
+6 1
-1 3
+2 1
-2 1
+1 1
-1 2
+1 3
+1 1
-1 1
+1 1
cfi=(26)
cfn=(70)
calls=1 -11 
* 14
+15 3
+62 15
+3 14
cfi=(26)
cfn=(70)
calls=2 -91 
* 18
* 3
-76 9
+1 9
+4 15
+6 3
+1 3
-1 3
+1 3
+2 15
+1 7
+2 9
+1 6
+19 1
+43 8
-32 9
+21 3
-57 8

fl=(31)
fn=(92)
163 6
+15 3
-3 6
+1 6
-13 6
+14 6
+1 3
+2 3
cfi=(2)
cfn=(94) _dl_initial_error_catch_tsd
calls=3 648 
* 6
+2 3
-1 3
+4 3
-5 3
+2 3
+3 3
-4 3
+4 3
cfi=(32)
cfn=(96)
calls=3 26 
* 60
* 9
+2 9
cfi=(37)
cfn=(128)
calls=2 60 
* 7365
cfi=(2)
cfn=(98) map_doit
calls=1 480 
* 2467
+1 6
+2 3
+1 3
-3 3
+1 6
+1 3
+9 3
-8 3
+8 9

fn=(144) _dl_receive_error
205 10
+1 1
cfi=(2)
cfn=(94)
calls=1 648 
* 2
+5 1
-1 1
-4 1
+9 1
+2 1
-3 1
+3 1
cfi=(2)
cfn=(146) version_check_doit
calls=1 513 
* 2365
+2 1
+1 1
+1 8

fl=(34)
fn=(114)
34 3
-1 3
+1 3
+1 18
+4 3

fl=(62)
fn=(252)
58 17
+3 17
+1 17
+1 17
+1 17
+1 17
+1 17
+1 17
+5 17
+1 17
+1 17
+1 17
+10 17
+1 17
+1 17
cfi=(63) /build/glibc-qbmteM/glibc-2.21/elf/../elf/dl-runtime.c
cfn=(254) _dl_fixup
calls=17 -21 
* 13611
+1 17
+5 17
+1 17
+1 17
+1 17
+9 17
+1 17
+1 17
+1 17
+1 17
+1 17
+1 17
+2 17
+2 17

fl=(40) /build/glibc-qbmteM/glibc-2.21/elf/dl-version.c
fn=(148) _dl_check_all_versions
380 6
+4 6
+2 28
cfn=(150) _dl_check_map_versions
calls=4 189 
* 2280
-2 4
+2 12
-1 4
-1 8
+5 7

fn=(150)
189 12
-15 36
+17 4
+3 12
-3 4
+2 4
+1 4
+2 4
-3 4
+3 8
+3 4
+4 2
-4 2
+4 10
+17 2
56 4
220 2
56 10
+1 5
-1 10
+2 21
cfi=(33)
cfn=(102)
calls=7 288 
* 510
* 16
228 6
+5 16
+19 1
-15 42
cfn=(152) match_symbol
calls=1 76 
* 137
* 8
cfn=(152)
calls=2 76 
* 306
* 3
+7 18
+3 9
+9 12
+14 4
+3 8
+10 26
-7 104
+3 78
-3 8
+3 6
+8 9
+87 8
-81 12
cfi=(15)
cfn=(32)
calls=3 102 
* 138
* 3
+1 3
-2 3
+2 3
+11 3
+2 3
-5 3
+3 3
+2 3
-2 3
+2 3
+3 8
+4 6
+18 1
-15 3
+2 3
-2 6
+2 6
+2 3
+1 3
-1 6
+1 3
-1 3
+1 3
+1 3
-2 3
+2 6
+1 9
+3 9
+8 6
+10 9
+3 8
+20 26
-14 26
-2 26
+2 28
-2 2
+2 2
+4 26
+2 26
-1 52
+1 26
-1 78
+1 26
+1 26
+3 84
+10 27
183 2
-8 2
+95 4
-80 2

fn=(152)
76 33
+9 3
-8 3
-1 6
+1 3
+8 3
+6 9
+15 3
+1 6
+2 3
+5 6
+14 20
+12 21
+4 7
-30 14
+16 3
+3 12
cfi=(17)
cfn=(50)
calls=3 -2 
* 258
* 6
+35 24

fl=(21)
fn=(110) _dl_map_object_from_fd
868 24
+11 2
-11 2
+11 2
-11 4
+11 2
cfi=(29)
cfn=(84)
calls=2 50 
* 16
+4 6
-4 2
+4 2
cfi=(34)
cfn=(114)
calls=2 34 
* 20
* 4
+11 14
+1 6
-1 15
+1 20
1432 16
912 4
+25 4
+10 4
+22 8
+32 4
880 2
1004 14
cfi=(13) /build/glibc-qbmteM/glibc-2.21/elf/dl-object.c
cfn=(28) _dl_new_object
calls=2 61 
* 1001
+1 2
-1 2
+1 2
+11 2
+1 2
+1 2
-2 2
+1 2
-1 2
+4 4
+1 2
-1 2
-2 2
+2 2
+1 6
+1 2
+19 4
+8 2
-8 12
+8 2
-8 4
+8 2
+88 16
-87 32
-1 136
+1 95
+6 4
+1 6
+1 2
+9 20
+5 32
+9 12
-1 12
+1 4
+1 8
+3 4
-3 4
+1 4
+3 4
+4 4
-7 4
+1 8
+1 4
+1 4
+4 4
+1 12
+5 2
-1 2
+1 2
-16 2
+15 2
+1 10
+10 2
-10 2
-1 2
+1 2
-16 2
+15 2
+1 10
+10 2
-45 2
+1 1
+47 3
+4 1
+1 1
+1 1
-1 1
+1 1
+3 3
+1 2
+3 2
+4 4
+6 1
cfi=(30)
cfn=(142)
calls=1 49 
* 8
* 2
+1 1
+59 6
+1 4
+1 2
-6 4
+1 2
+8 4
1017 2
1206 2
1017 2
1206 2
+10 4
fi=(35) /build/glibc-qbmteM/glibc-2.21/elf/./dl-map-segments.h
56 4
fe=(21)
1216 6
fi=(35)
56 2
fe=(21)
1216 2
fi=(35)
50 2
fe=(21)
1216 4
fi=(35)
56 2
-6 4
+6 6
cfi=(25)
cfn=(68)
calls=2 +25 
* 12
+4 2
-4 2
+4 4
+3 4
+1 2
+2 2
-2 2
-1 2
+3 2
+10 4
-39 2
+39 2
fi=(36) /build/glibc-qbmteM/glibc-2.21/elf/./dl-load.h
+14 8
+1 6
+2 8
fi=(35)
+7 16
+45 4
-59 20
+2 4
+2 2
-2 4
+2 20
cfi=(25)
cfn=(68)
calls=2 -9 
* 12
* 8
+16 2
+2 2
-2 2
+1 2
+2 2
-1 2
+1 2
-1 6
+8 4
+3 4
+8 16
cfi=(26)
cfn=(70)
calls=2 -97 
* 2004
* 6
+6 4
+4 8
cfi=(25)
cfn=(68)
calls=1 -56 
* 6
+3 2
-67 8
-1 10
cfi=(25)
cfn=(118)
calls=2 +9 
* 10
* 2
fe=(21)
1228 8
+9 4
fi=(3) /build/glibc-qbmteM/glibc-2.21/elf/get-dynamic-info.h
39 2
fe=(21)
1237 2
fi=(3)
39 2
+6 2
-2 2
+2 4
+15 2
+5 2
+3 2
+2 2
-3 2
-3 2
-3 36
+10 8
-26 24
+16 35
+10 35
-26 105
+26 2
-26 6
+2 90
+13 40
+2 8
+3 8
+13 4
+20 7
+1 8
+1 8
+1 8
+2 8
+5 8
+1 7
+1 8
+6 6
+5 4
+7 4
+1 6
+16 6
+5 1
+2 1
-2 1
+2 1
+2 2
+2 2
+3 6
+10 1
-8 3
+8 1
+5 2
+3 4
fe=(21)
1244 8
+15 6
+19 4
+2 10
+54 6
+1 2
+3 2
cfi=(23)
cfn=(124)
calls=1 81 
* 5
* 2
cfi=(23)
cfn=(124)
calls=1 81 
* 5
* 4
+9 4
+2 6
+2 2
-2 2
+2 2
+16 4
cfi=(6)
cfn=(10) _dl_setup_hash
calls=2 897 
* 46
+4 4
+1 4
+17 4
+1 1
+3 1
+5 1
-5 1
+1 2
+4 1
-5 1
+5 1
-5 1
+1 2
+4 1
+10 6
cfi=(13)
cfn=(44) _dl_add_to_namespace_list
calls=2 32 
* 84
+4 8
fi=(3)
68 8
+1 2
+1 6
fi=(36)
+24 5
+2 3
-1 1
+1 2
-1 1
+1 2
-1 3
+3 3
fe=(21)

fn=(100)
2141 24
+7 3
-7 6
+7 3
+1 9
+3 42
+5 49
+2 21
cfi=(33)
cfn=(102)
calls=7 288 
* 492
* 14
+4 12
+1 18
+3 2
+1 2
+1 2
-1 2
+1 2
cfi=(17)
cfn=(50)
calls=2 131 
* 21
* 4
2412 1
+15 24
2186 10
+9 6
+26 4
-2 2
+2 2
cfi=(27)
cfn=(72)
calls=2 24 
* 46
* 4
2358 2
370 3
cfi=(27)
cfn=(72)
calls=1 24 
* 47
* 2
+4 2
cfi=(28)
cfn=(78)
calls=1 40 
* 175
2359 1
-3 1
+3 2
+4 9
cfn=(104) open_verify
calls=1 1683 
* 471
+3 1
-3 1
+3 3
+11 2
+3 6
+44 2
+1 8
-1 2
+1 14
cfn=(110)
calls=2 868 
* 4930
* 4
2225 2
cfi=(9)
cfn=(18)
calls=1 26 
* 63
* 1
+2 1
-2 1
+2 1
+7 4
+35 2
+1 14
cfn=(130) open_path
calls=1 1992 
* 752
+6 2
-6 1
+6 1
636 1
2277 1
636 2
2285 2
+2 3
+4 2
cfi=(39) /build/glibc-qbmteM/glibc-2.21/elf/dl-cache.c
cfn=(136) _dl_load_cache_lookup
calls=1 185 
* 1701
+2 1
-2 1
+2 1
+4 2
+8 3
+23 8
cfn=(132) open_verify.constprop.8
calls=1 1681 
* 650
+4 1
-4 1
+4 1
+1 1
+17 2
+28 4
2243 1
-5 2
+5 1
+3 2
-3 1
+3 7
-3 3
636 1
2244 1
636 2
2258 3
+1 8
636 1
2260 1
636 2

fn=(60) _dl_init_paths
659 1
+13 2
-13 8
+13 3
cfi=(22)
cfn=(62)
calls=1 39 
* 346
+5 1
-5 1
+5 1
cfi=(15)
cfn=(36)
calls=1 93 
* 29
* 1
+1 1
-1 1
-1 1
+2 1
+8 1
-1 1
+1 3
-1 3
+5 1
-5 1
+5 1
cfi=(15)
cfn=(36)
calls=1 93 
* 53
* 1
+2 1
-3 1
+3 1
+17 1
+12 1
-9 2
-14 1
+1 1
+10 1
+12 1
-11 1
+2 1
+1 2
+8 33
cfi=(26)
cfn=(70)
calls=4 30 
* 88
* 35
-14 3
+2 3
+1 3
+2 6
-3 3
+4 9
+4 3
-3 3
+3 3
-3 6
+7 1
+11 1
-5 1
+1 1
+5 2
+2 4
+2 3
+38 5
+8 3
cfi=(27)
cfn=(72)
calls=1 24 
* 23
* 2
+2 2
cfi=(9)
cfn=(18)
calls=1 26 
* 57
* 8
cfi=(16)
cfn=(42)
calls=1 61 
* 31
* 4
+19 1
+1 3
+1 1
-4 3
+2 13
+1 39
+1 13
-4 40
+8 1
cfi=(15)
cfn=(36)
calls=1 93 
* 29
* 1
+1 1
-2 1
+2 1
+6 9
cfn=(74) fillin_rpath
calls=1 431 
* 661
+4 5
+6 1
+4 8
-75 1
-2 1
+2 2
+14 2

fn=(104)
1683 12
+36 1
-36 2
+36 2
+21 4
cfi=(23)
cfn=(106)
calls=1 81 
* 5
+1 1
-1 1
+1 1
+10 1
+1 2
+5 6
cfi=(23)
cfn=(108) read
calls=1 81 
* 5
+2 2
+2 1
+2 1
-2 2
+2 1
+6 2
+16 6
cfi=(12) /build/glibc-qbmteM/glibc-2.21/string/../string/memcmp.c
cfn=(26) bcmp
calls=1 315 
* 96
* 11
cfi=(12)
cfn=(26)
calls=1 315 
* 87
* 3
+74 2
+5 2
+2 4
+6 2
+11 2
+6 1
+1 1
-1 4
+1 3
+1 2
+20 61
+2 19
+4 4
+1 2
+13 1
+1 1
-1 1
+1 1
-1 1
+1 1
-2 1
+4 3
-7 4
cfi=(12)
cfn=(26)
calls=1 315 
* 80
* 2
+51 1
-67 1
+67 9

fn=(74)
431 8
+2 1
-2 9
+5 1
cfi=(15)
cfn=(76)
calls=1 -98 
* 238
* 4
-66 3
cfi=(27)
cfn=(72)
calls=1 24 
* 23
* 2
+4 2
cfi=(28)
cfn=(78)
calls=1 40 
* 122
* 1
+68 2
cfi=(9)
cfn=(18)
calls=1 26 
* 44
+4 1
-4 1
+4 1
+22 18
+1 8
+57 2
cfi=(15)
cfn=(82)
calls=1 121 
* 3
* 1
* 2
-90 1
cfi=(15)
cfn=(76)
calls=1 -98 
* 6
* 3
+94 1
+3 9
-46 2
+4 8
-1 1
cfi=(15)
cfn=(36)
calls=1 93 
* 29
* 1
+3 1
-3 1
+3 3
+5 1
+1 3
-2 1
+2 1
cfi=(24)
cfn=(66)
calls=1 61 
* 31
+3 1
-3 1
+3 1
-2 1
+2 1
+6 4
+1 14
+1 10
+3 1
-1 2
+1 1
+7 1
+1 1
+3 2
-4 2
-67 8
+8 1
-3 3
+3 2
+26 2
+31 2

fn=(130)
1992 8
+1 1
+6 1
-6 1
+6 1
+5 11
-7 1
-1 2
+8 5
+66 3
+8 4
-62 1
-9 1
+9 1
+7 4
cfi=(24)
cfn=(66)
calls=1 61 
* 31
+1 1
-1 1
+1 4
+3 8
+4 32
cfi=(24)
cfn=(66)
calls=4 61 
* 85
* 16
cfi=(24)
cfn=(66)
calls=4 61 
* 92
+3 4
+3 4
-3 4
+3 4
+3 28
cfn=(132)
calls=4 1681 
* 168
* 4
+2 12
+2 8
+5 8
+1 36
+6 4
+2 4
-2 4
+2 8
-2 4
+2 4
cfi=(38) /build/glibc-qbmteM/glibc-2.21/io/../sysdeps/unix/sysv/linux/wordsize-64/xstat.c
cfn=(134) _xstat
calls=4 34 
* 49
* 8
+1 9
+9 2
-44 3
+35 6
+9 6
-44 15
+85 5
+7 1
-2 1
+2 3
+3 3
+14 1
-27 1
+27 7
2024 3
+37 6

fn=(132)
1681 50
+38 5
-38 10
+38 20
+21 20
cfi=(23)
cfn=(106)
calls=5 81 
* 41
+1 5
-1 5
+1 5
+10 1
+1 2
+5 6
cfi=(23)
cfn=(108)
calls=1 81 
* 5
+2 2
+2 1
+2 1
-2 2
+2 1
+6 2
+16 6
cfi=(12)
cfn=(26)
calls=1 315 
* 94
* 11
cfi=(12)
cfn=(26)
calls=1 315 
* 87
* 3
+74 2
+5 2
+2 4
+6 2
+11 2
+6 1
+1 1
-1 4
+1 3
+1 2
+20 45
+2 17
+4 4
+1 2
+13 1
+1 1
-1 1
+1 1
-1 1
+1 1
-2 1
+4 3
+5 1
+1 1
-13 4
cfi=(12)
cfn=(26)
calls=1 315 
* 72
* 4
cfi=(12)
cfn=(26)
calls=1 315 
* 80
* 4
+16 2
+6 1
-3 1
+1 1
+1 1
+1 2
-3 1
+1 1
+3 1
-3 1
+1 1
-1 2
-1 1
+4 2
+28 1
-67 1
+67 11
-23 4
+23 28
1785 4
cfi=(12)
cfn=(26)
calls=1 315 
* 96
* 3

fl=(2)
fn=(94)
648 8

fn=(46)
688 10

fn=(154) init_tls
580 1
-1 1
-6 1
+2 2
+4 1
+10 4
cfi=(15)
cfn=(32)
calls=1 102 
* 38
* 1
+11 1
-15 1
+3 1
+6 1
+2 1
-11 1
+15 1
+2 1
-1 1
+1 10
+2 8
+4 1
+2 1
-2 2
-5 8
+9 3
+3 1
cfi=(30)
cfn=(156)
calls=1 138 
* 70
+7 1
cfi=(30)
cfn=(158)
calls=1 354 
* 412
+1 1
-1 1
+1 1
+6 1
+3 1
-3 1
+3 6
+3 1
+2 1
+1 2

fn=(22)
738 1
+19 1
-19 9
+19 1
+3 1
-22 1
2353 1
738 1
+22 1
+4 2
+1 2
+5 2
2346 2
+7 4
-4 1
-1 1
+5 8
+2 2
cfi=(11) /build/glibc-qbmteM/glibc-2.21/elf/dl-environ.c
cfn=(24) _dl_next_ld_env_entry
calls=1 30 
* 78
* 4
cfi=(11)
cfn=(24)
calls=2 30 
* 275
* 9
+4 46
+1 19
-1 57
+3 4
+6 14
+74 4
cfi=(12)
cfn=(26)
calls=1 315 
* 132
* 2
+2 3
-55 4
cfi=(12)
cfn=(26)
calls=1 315 
* 27
* 2
2514 1
2355 1
2514 2
+30 2
780 4
981 7
cfi=(13)
cfn=(28)
calls=1 61 
* 244
+2 1
-2 1
+2 1
+1 1
+1 1
+5 2
-5 1
+1 3
+4 1
cfi=(13)
cfn=(44)
calls=1 32 
* 34
+1 2
747 1
1020 1
-3 1
-5 1
+1 1
+2 1
+5 7
+56 5
-55 24
-1 27
+1 47
1123 5
+3 2
+2 2
+2 2
+13 3
+1 7
cfi=(17)
cfn=(50)
calls=1 131 
* 7
* 2
+7 1
+3 1
-5 1
+3 1
+2 1
+1 2
+4 2
+2 2
fi=(3)
30 1
+9 2
+6 1
-2 1
+2 2
+15 1
+5 1
+3 1
+2 1
-3 1
-3 1
-3 14
+10 3
-26 9
+16 16
+10 16
-26 48
+26 1
-26 3
+2 40
+13 16
+2 4
+16 3
+38 3
+5 2
+7 2
+17 3
+14 3
+18 2
fe=(2)
1166 2
cfi=(6)
cfn=(10)
calls=1 897 
* 23
+3 4
fi=(18) /build/glibc-qbmteM/glibc-2.21/elf/setup-vdso.h
24 2
fe=(2)
1191 1
cfi=(19)
cfn=(56) _dl_discover_osversion
calls=1 45 
* 85
* 8
-75 2
+1 2
+1 1
-6 2
+1 1
-88 3
+1 1
+16 1
-2 2
+27 1
-25 1
+7 2
-10 1
+10 1
+27 2
-1 2
+1 4
-1 2
+2 4
+1 2
+3 1
+1 2
-4 1
+3 1
+1 2
+1 2
+1 6
+1 2
-55 3
+1 1
fi=(3)
65 4
+3 4
+1 1
+1 3
fe=(2)
2396 4
cfi=(12)
cfn=(26)
calls=1 315 
* 87
* 2
+2 3
1196 2
cfi=(21)
cfn=(60)
calls=1 659 
* 1660
+3 3
cfi=(29)
cfn=(84)
calls=1 50 
* 17
+7 1
-7 1
+2 1
+5 1
+3 3
+1 1
+3 1
-3 3
+1 2
+3 1
+5 1
-7 1
+7 1
+1 5
+17 2
+1 2
+5 1
-3 4
+2 2
+1 3
+5 3
+1 5
+2 2
+1 2
+5 2
+5 1
753 1
1262 2
1439 1
cfi=(30)
cfn=(86)
calls=1 115 
* 4
* 1
+8 3
+3 1
+4 3
+5 1
+1 1
cfi=(29)
cfn=(88)
calls=1 74 
* 1
+1 1
+4 3
+15 3
+4 1
-2 1
+2 2
+31 3
cfi=(23)
cfn=(64)
calls=1 81 
* 9
* 2
+77 1
1481 1
1592 3
+17 3
+1 1
-1 1
+1 2
-1 1
+1 5
cfi=(37)
cfn=(126)
calls=1 161 
* 8835
+1 1
+5 1
-5 3
+2 2
+3 4
+1 4
-1 2
+1 12
-1 6
+4 3
+1 3
+1 1
+2 2
+1 13
-1 6
-28 5
+1 1
-1 3
+4 3
+1 1
+1 2
+1 4
+35 1
-1 2
+1 1
+2 1
+2 3
+2 1
-4 1
+5 1
-1 2
+14 2
+1 2
+1 3
+11 1
+2 1
-2 1
+2 1
-1 1
+1 1
-2 1
+2 1
-2 2
+2 1
cfi=(31)
cfn=(144)
calls=1 205 
* 2395
+10 1
+1 1
-1 1
+1 1
+1 1
cfn=(154)
calls=1 580 
* 591
* 1
+2 2
703 1
fi=(115) /build/glibc-qbmteM/glibc-2.21/elf/../sysdeps/unix/sysv/linux/dl-osinfo.h
64 2
fe=(2)
705 1
fi=(115)
77 1
fe=(2)
714 1
+7 1
-5 1
1692 2
1922 3
2092 4
+2 1
+5 2
cfi=(30)
cfn=(194)
calls=1 450 
* 231
+3 2
+9 3
+2 2
+15 1
+3 1
-3 1
+3 1
-3 2
+3 2
-3 1
+2 1
+1 1
cfi=(41)
cfn=(160)
calls=1 154 
* 5089
+1 4
+2 2
+8 1
cfi=(7)
cfn=(196)
calls=1 256 
* 1
+4 3
+20 3
cfi=(29)
cfn=(84)
calls=1 50 
* 8
+1 1
-1 1
+2 1
cfi=(29)
cfn=(88)
calls=1 74 
* 1
+1 1
+4 1
cfi=(39)
cfn=(198) _dl_unload_cache
calls=1 322 
* 15
+5 8
2043 3
+7 1
+2 3
+19 1
-19 4
+2 1
+2 12
+5 8
+2 8
+6 4
+2 8
+1 24
cfi=(41)
cfn=(160)
calls=3 154 
* 70617
+4 14
-22 10
+25 5
+2 1
+6 1
-6 1
+6 1
-10 2
cfi=(30)
cfn=(192)
calls=1 889 
* 20
* 1
-12 1
+1 1
-3 2
-85 1
+11 1
-7 1
-4 1
+4 3
+4 2
+3 1
1491 2
cfi=(9)
cfn=(18)
calls=1 26 
* 102
* 9
cfi=(16)
cfn=(42)
calls=1 61 
* 94
* 1
+3 6
+3 3
cfi=(15)
cfn=(76)
calls=1 338 
* 766
* 3
cfi=(15)
cfn=(76)
calls=1 338 
* 6
* 6
+1 2
+1 3
+2 4
cfn=(90) do_preload
calls=1 654 
* 2557
* 2
+2 6
+2 3
1635 2
1185 3

fn=(98)
480 1
+2 1
-2 1
+3 2
-1 3
+1 3
cfi=(21)
cfn=(100)
calls=1 2141 
* 2453
* 1
+2 2

fn=(48)
694 10

fn=(90)
654 4
+12 1
-12 2
+10 1
-4 1
+1 1
+5 4
-10 1
+6 1
+4 1
cfi=(31)
cfn=(92)
calls=1 163 
* 2529
+1 3
+8 3
+6 5

fn=(146)
513 2
+2 4
cfi=(40)
cfn=(148)
calls=1 380 
* 2355
* 2
+4 2

fn=(2)
337 9
+18 4
fi=(5)
58 1
fe=(2)
355 1
fi=(3)
45 1
fi=(5)
+13 2
fe=(2)
381 1
fi=(3)
45 1
fe=(2)
378 1
fi=(3)
45 1
+25 2
-3 1
-7 1
+5 1
+3 1
+2 1
-3 1
-3 1
-3 2
-13 26
+23 13
-26 39
+26 1
-26 3
+2 36
+13 20
+1 16
+10 4
-26 12
+33 2
+20 4
+1 4
+1 4
+1 4
+2 4
+5 4
+1 4
+1 4
+6 3
+5 2
+7 3
+1 3
+8 3
+2 3
+3 2
+1 2
fe=(2)
392 2
286 1
399 1
286 1
cfi=(6)
cfn=(10)
calls=1 897 
* 23
+1 2
+1 2
+1 2
+1 2
+8 1
+9 1
-9 3
+9 1
-6 1
-3 1
+9 1
cfi=(7)
cfn=(12)
calls=1 86 
* 95673
* 1
+9 5
+3 1
+4 1
-4 1
+4 1
424 9
fi=(3)
62 4
+3 4
fe=(2)
397 26
fi=(4)
84 1
+27 1
-28 1
+28 2
+1 2
fi=(5)
493 2
fi=(4)
112 18
fi=(5)
493 18
+1 20
fi=(4)
111 20
fi=(5)
494 10
fi=(4)
111 10
+5 2
+8 1
fi=(5)
288 1
fi=(4)
124 2
+13 1
+2 2
-2 1
fi=(5)
242 1
fi=(4)
137 1
fi=(5)
270 1
fi=(4)
137 2
fi=(5)
270 1
fi=(4)
137 6
+2 12
-2 6
fi=(5)
242 6
fi=(4)
137 6
fi=(5)
270 6
fi=(4)
137 12
fi=(5)
270 6
+9 14
+3 7
-3 14
+3 21
+6 42
fi=(3)
68 4
+1 1
+1 2
fi=(5)
392 7
+9 7
fi=(4)
124 22
fe=(2)

fl=(39)
fn=(140) _dl_cache_libcmp
138 33
+1 24
+2 110
+2 55
-2 55
+2 2
+6 1
+2 1
-2 1
+1 2
+1 4
+2 5
+2 2
+6 108
+2 196
+4 44
+1 44
-29 88
+32 2
-7 30

fn=(198)
322 4
-1 1
+3 2
cfi=(25)
cfn=(200)
calls=1 81 
* 5
+1 1
+2 2

fn=(136)
185 9
+8 2
+3 3
+51 2
+9 1
+6 2
-6 4
+6 1
cfi=(23)
cfn=(64)
calls=1 81 
* 9
* 1
+4 4
+15 160
cfn=(140)
calls=10 138 
* 735
* 61
cfn=(140)
calls=1 138 
* 72
* 4
-14 3
+14 1
-14 1
-1 3
+15 29
+16 2
+4 2
+8 3
cfi=(9)
cfn=(18)
calls=1 26 
* 63
* 2
+1 1
-1 4
+1 2
cfi=(16)
cfn=(42)
calls=1 61 
* 28
+1 2
cfi=(28)
cfn=(78)
calls=1 40 
* 138
+1 8
-31 3
-82 4
cfi=(33)
cfn=(138)
calls=1 45 
* 67
+8 1
-8 1
+8 4
+1 4
cfi=(12)
cfn=(26)
calls=1 315 
* 123
* 2
+7 1
-3 1
+3 3
+3 1
+1 2
-1 1
+1 1
+1 3
cfi=(12)
cfn=(26)
calls=1 +95 
* 112
* 2
+9 3

fl=(63)
fn=(254)
66 68
+6 34
-6 17
+3 34
+3 51
-4 17
+5 102
+1 17
-1 17
+1 34
+5 34
+4 34
+4 51
+4 32
+1 64
+2 64
+7 32
-1 16
+1 18
-1 1
+1 1
+7 34
+3 153
cfi=(6)
cfn=(166)
calls=17 752 
* 12106
* 17
+4 85
+4 68
+6 102
+16 17
-8 17
+8 51
+4 51
fi=(5)
+66 17
fe=(63)
-62 85
-64 2
fi=(87) /build/glibc-qbmteM/glibc-2.21/elf/../sysdeps/x86_64/dl-irel.h
-53 1
cob=(3)
cfi=(44)
cfn=(176)
calls=1 -2 
* 66
* 1
fe=(63)

fl=(19)
fn=(56)
45 7
+2 3
+85 8
-45 3
cfi=(20)
cfn=(58)
calls=1 -6 
* 5
* 1
+15 1
-15 1
+20 1
-1 1
+3 12
+4 3
-2 6
+2 9
+7 3
-1 3
+4 3
-2 3
+2 10
+5 2

fl=(23)
fn=(106)
81 28
+1 3
+1 20

fn=(108)
81 8
+1 2

fn=(124)
81 12
+1 3

fn=(64)
81 12
+2 15

fl=(13)
fn=(28)
61 42
+1 3
cfi=(9)
cfn=(18)
calls=3 -36 
* 154
+6 3
-6 6
+6 6
+7 12
cfi=(15)
cfn=(32)
calls=3 +27 
* 120
* 3
+3 3
-3 3
+3 3
+4 3
+5 6
-6 3
+6 3
-5 3
+4 6
+1 3
cfi=(16)
cfn=(42)
calls=3 -26 
* 88
+10 3
-10 3
+10 3
-8 3
+9 6
-1 9
+1 9
+3 3
-4 3
+1 3
+3 3
+9 3
-7 3
+4 3
+3 8
+2 2
-2 2
+2 30
-2 30
+12 3
+6 3
-5 3
-1 3
+6 15
+2 2
+3 2
-3 2
+3 2
-3 4
+7 6
+4 14
+2 2
+6 1
+6 1
-3 2
+3 3
-3 4
+3 2
+2 4
+4 2
-4 2
cfi=(9)
cfn=(18)
calls=2 26 
* 144
+4 2
-4 8
+4 6
+64 4
+4 24
68 30
+75 4
-41 6
+24 1
+7 5
+78 6
cfi=(24)
cfn=(66)
calls=2 61 
* 71
* 42
+6 40
-1 40
+1 42
-1 2
+1 6
+5 4
-57 4
cfi=(15)
cfn=(36)
calls=2 -72 
* 58
* 2
+1 2
-1 2
+1 6

fn=(44)
32 15
+2 6
cfi=(2)
cfn=(46)
calls=3 688 
* 6
+2 3
-2 3
+2 19
+3 15
+2 2
+2 2
+4 2
+4 2
-4 4
+1 2
+4 4
-4 2
+1 2
+3 2
-3 2
+2 4
cfi=(2)
cfn=(48)
calls=2 694 
* 4
-4 1
+4 1
-4 2
+1 1
+4 2
-4 1
+1 1
+3 1
-3 1
+2 2
cfi=(2)
cfn=(48)
calls=1 694 
* 2
-5 2

fl=(24)
fn=(66)
61 15
+4 15
+3 14
+1 14
+2 5
+1 5
+2 5
+1 5
+5 5
+1 5
-1 9
+1 9
+2 10
+1 10
+2 10
+1 10
+5 10
+1 10
-1 4
+1 4
+2 5
+1 5
+2 5
+1 5
+5 5
+1 5
-1 9
+1 9
+2 7
+1 7
+2 7
+1 14
+5 7
+1 7
-1 7
+1 9
+5 2
+1 2
+1 2
+1 2
+2 2
+2 2
+1 2
+2 2
+6 14
+4 14
+12 2
+2 2
+1 2
+26 2
+1 2
+3 2
+1 2
+1 2
+5 2
+2 2
+1 2
+1 2
+1 2
+2 2
+1 2
+1 2
+1 2
+2 2
+1 2
+2 2
+22 2
+2 2
+2 1
+7 1

fl=(38)
fn=(134)
34 4
-1 4
+1 4
+1 24
+4 1
-4 12

fl=(8)
fn=(14)
31 1
-3 1
+3 6
+8 1
-6 2
+7 1

fl=(12)
fn=(26)
315 26
+3 13
-3 26
+4 13
-4 39
+7 26
+4 12
+2 1
+1 1
+1 1
+1 1
+2 2
-5 1
+1 1
+1 1
+1 1
+2 2
+2 2
-9 6
+16 12
+1 4
129 14
-18 4
346 4
+4 2
+2 2
-2 4
+1 2
+5 22
+2 10
+1 10
+1 10
+3 117
-3 61
-2 61
+1 61
+4 183
-7 138
+13 9
-1 9
+1 67
-5 4
+5 28
-24 2
221 2
+1 2
345 2
226 2
-4 2
+6 2
-2 2
+2 12
-95 2
+1 2
+1 2
+1 2
+1 2
+48 2
-2 2
+1 2
+1 14
-80 2
+1 4
+4 4
-5 8
+1 16
+4 18
234 2
+2 2
-4 2
+1 2
+4 2
-2 2
+56 4
-2 2
+2 4
-1 2
+1 4
+1 4
+12 10
+1 4
-6 4

fl=(6)
fn=(170) check_match
92 480
+1 96
-1 96
+1 96
+2 864
+12 570
+3 484
cfi=(17)
cfn=(50)
calls=26 +21 
* 1991
* 52
+5 95
-1 95
+1 95
+2 186
+19 186
+1 744
+46 665
-18 4
+2 2
+1 6
-1 10
+16 1
-7 1
+7 5
-45 279
cfi=(17)
cfn=(50)
calls=93 -7 
* 8068
* 186

fn=(166)
752 1000
514 100
752 500
514 500
+1 100
-1 100
+1 300
-1 300
+1 1183
-1 1183
+1 3549
-1 3649
754 100
+4 100
+4 100
-8 100
+1 200
+7 286
+7 100
-2 100
+2 100
-2 100
+6 100
-7 100
+7 100
-7 100
+7 900
+8 5
-8 25
+2 1300
cfn=(168) do_lookup_x
calls=100 355 
* 42701
+3 300
+26 300
+22 95
+1 665
+26 95
+9 475
+14 285
+3 380
+5 95
+2 800
-80 35
+16 5
+1 10
+54 2

fn=(168)
355 800
+1 100
-1 600
+48 100
-30 200
+30 100
-41 100
+44 100
-3 200
+3 200
-33 100
+33 100
-33 100
+33 400
-40 200
+3 200
-3 424
+3 424
+4 624
+4 624
+4 624
+6 936
+8 312
-4 312
+1 312
+3 624
+1 936
+3 312
+1 624
+4 624
+3 312
-5 312
+5 936
+3 2184
+89 1206
+1 84
cfi=(33)
cfn=(102)
calls=42 288 
* 1764
* 126
+3 651
+3 10
+1 800
-37 134
+12 190
+1 95
+1 190
-70 404
-1 202
+2 202
+2 1313
+13 300
-10 975
+2 192
+1 480
-1 192
+1 192
+1 96
-1 288
-1 96
+1 288
cfn=(170)
calls=96 92 
* 15357
+4 290
197 30
461 12
+5 708
+35 18
-62 760

fn=(10)
897 12
+4 4
+4 8
+2 4
-1 4
+3 12
+1 4
+1 4
+3 4
-3 4
+7 4
-4 4
-1 4
+3 4
+2 4
-7 4
+7 4
+1 4

fl=(10)
fn=(20)
34 4
+8 6
+4 2
+11 5

fl=(11)
fn=(24)
30 3
+3 10
+13 51
-13 153
+2 106
+1 20
+5 2
-3 2
+3 2
+2 2
-12 1
+19 1

ob=(2)
fl=(14)
fn=(512)
0 3

fn=(538)
0 3

fn=(208)
0 6

fn=(266) 0x00000000004005d0
0 5
cob=(5)
cfi=(61)
cfn=(270) __gmon_start__
calls=1 0 
0 61863
0 2

ob=(3)
fl=(48)
fn=(188)
51 1
-51 9

fl=(91) /build/glibc-qbmteM/glibc-2.21/stdlib/atoi.c
fn=(382) atoi
26 1
+1 3
cfi=(92) /build/glibc-qbmteM/glibc-2.21/stdlib/../stdlib/strtol.c
cfn=(384) strtol
calls=1 +82 
* 244
+1 2

fl=(73) /build/glibc-qbmteM/glibc-2.21/malloc/morecore.c
fn=(306) __default_morecore
46 2
+1 2
cfi=(74) /build/glibc-qbmteM/glibc-2.21/misc/sbrk.c
cfn=(308) sbrk
calls=2 -13 
* 72
+1 6
+4 4

fl=(99) /build/glibc-qbmteM/glibc-2.21/string/../sysdeps/x86_64/strchr.S
fn=(428) strchrnul
24 2
+1 2
+1 2
+1 2
+1 2
+1 2
+1 2
+1 2
+1 2
+1 2
+1 2
+1 2
+1 2
+1 2
+1 2
+1 2
+1 2
+1 2
+2 2
+7 2

fl=(75) /build/glibc-qbmteM/glibc-2.21/misc/../sysdeps/unix/sysv/linux/x86_64/brk.c
fn=(310) brk
31 2
-3 2
+3 14
+8 2
-6 4
+7 2

fl=(79) /build/glibc-qbmteM/glibc-2.21/signal/../sysdeps/unix/sysv/linux/x86_64/sigaction.c
fn=(320) __libc_sigaction
47 2
+4 2
-4 2
+4 2
+3 4
-1 2
+1 4
-1 2
+1 58
+1 2
+7 4
-7 2
+7 2
-7 4
+2 4
+5 20
+3 8
+2 2
+1 32
+1 2
+1 2
+3 4

fl=(94) /build/glibc-qbmteM/glibc-2.21/misc/../sysdeps/unix/syscall-template.S
fn=(464) munmap
81 4
+1 1

fn=(396) mmap
81 10
+1 2

fl=(85) /build/glibc-qbmteM/glibc-2.21/gmon/../sysdeps/x86_64/_mcount.S
fn=(354) mcount
32 29999997
+1 29999997
+1 29999997
+1 29999997
+1 29999997
+1 29999997
+1 29999997
+1 29999997
+4 29999997
+2 29999997
+2 29999997
cfi=(86) /build/glibc-qbmteM/glibc-2.21/gmon/mcount.c
cfn=(356) __mcount_internal
calls=29999997 +13 
* 839999932
+6 29999997
+1 29999997
+1 29999997
+1 29999997
+1 29999997
+1 29999997
+1 29999997
+1 29999997
+1 29999997

fl=(76) /build/glibc-qbmteM/glibc-2.21/string/../sysdeps/x86_64/multiarch/../memset.S
fn=(312) __GI_memset
53 1
+1 1
+1 1
+1 1
+1 1
+2 1
+1 1
+17 1
+1 1
+1 1
+1 1
+1 1
+1 1
+1 1
+1 1
+1 1
+1 1
+1 1
+1 1
+1 1
+1 2
+3 1
+1 1
+1 1
+1 1
+1 1
+1 1
+1 1
-6 36
+1 36
+1 36
+1 36
+1 36
+1 36
+1 36
+1 1

fl=(80) /build/glibc-qbmteM/glibc-2.21/gmon/../sysdeps/unix/sysv/linux/prof-freq.c
fn=(322) __profile_frequency
27 4
+1 2

fl=(86)
fn=(356)
60 29999997
+12 59999994
-12 29999997
+12 59999994
+9 29999997
+1 59999994
+11 29999996
+4 29999996
-4 29999996
+4 59999992
+1 29999996
+1 59999992
+4 24
+1 8
-1 8
+1 8
+4 8
+1 16
+1 8
+1 8
+1 8
+57 8
+5 16
-5 29999989
+5 59999978
-59 89999964
+1 89999964
+4 29999988
+1 29999988

fl=(112)
fn=(526)
31 4
+17 1
-17 4
+4 4
+4 6
-4 3
+32 4
+4 6
-4 3
+12 2
+3 1
-2 1
+2 6
-2 1
cfi=(113) /build/glibc-qbmteM/glibc-2.21/nptl/unregister-atfork.c
cfn=(528) __unregister_atfork
calls=1 -44 
* 13

fl=(70) /build/glibc-qbmteM/glibc-2.21/elf/dl-addr.c
fn=(290) _dl_addr
126 9
+5 1
-5 2
+5 2
cob=(1)
cfi=(2)
cfn=(46)
calls=1 688 
* 2
+2 2
cob=(1)
cfi=(71)
cfn=(296)
calls=1 +49 
* 32
cob=(1)
cfi=(62)
cfn=(252)
calls=1 -75 
* 1159
* 5
+2 2
30 1
+1 1
-1 1
+1 1
+3 2
+5 1
+6 1
-7 1
+2 2
+2 1
-2 1
+2 1
+3 1
+5 9
+2 1
+1 2
-1 1010
+1 2020
+2 3620
+9 1998
+7 22
-2 22
+2 2240
-2 2196
+2 5705
-10 11090
+2 8872
+1 14229
+7 1011
-21 2022
+49 3
+1 1
+1 3
+3 2
+37 2
cob=(1)
cfi=(2)
cfn=(48)
calls=1 694 
* 2
+3 9
-28 1
+1 1
+21 2

fl=(43) /build/glibc-qbmteM/glibc-2.21/csu/../sysdeps/x86_64/multiarch/init-arch.c
fn=(174) __init_cpu_features
54 1
-9 1
+9 1
+3 1
-3 1
+3 8
+99 2
+1 7
+7 3
+4 2
+2 3
+26 2
+5 1
+1 1
+2 1
+1 2
-31 2
+1 1
+6 2
+2 1
+2 2
+1 1
+2 2
+8 2
+1 2
+2 2
31 2
+6 1
-6 1
+7 1
-1 1
+28 1
-27 1
+27 1
-28 1
+2 1
-1 1
+1 1
+26 1
+1 1
-35 3
+35 2
+5 1
-12 1
+12 1
+3 1
+1 7
+52 1
+4 1
-72 1
+72 1
-26 2
+92 2

fl=(109) /build/glibc-qbmteM/glibc-2.21/stdlib/getenv.c
fn=(486) getenv
35 8
+1 1
cfi=(110) /build/glibc-qbmteM/glibc-2.21/string/../sysdeps/x86_64/strlen.S
cfn=(488) strlen
calls=1 +30 
* 16
* 1
+4 7
+3 2
+49 9
-24 1
+6 1
+2 1
-3 1
+3 214
+9 106

fl=(57) /build/glibc-qbmteM/glibc-2.21/ctype/ctype-info.c
fn=(230) __ctype_init
31 5
+2 1
+2 1
-4 1
+4 1
-4 1
+2 3
+2 3

fl=(95) /build/glibc-qbmteM/glibc-2.21/stdlib/rand.c
fn=(402) rand
26 5000000
+1 5000000
cfi=(89) /build/glibc-qbmteM/glibc-2.21/stdlib/random.c
cfn=(404) random
calls=5000000 293 
* 214838710
+1 10000000

fl=(113)
fn=(528)
36 1
-8 2
+11 2
+1 3
+5 1
-6 2
+82 2

fl=(78) /build/glibc-qbmteM/glibc-2.21/signal/../nptl/sigaction.c
fn=(318) sigaction
37 6
+6 2
cfi=(79)
cfn=(320)
calls=2 +4 
* 166

fl=(82) /build/glibc-qbmteM/glibc-2.21/setjmp/../sysdeps/x86_64/bsd-_setjmp.S
fn=(342) _setjmp
30 1
+2 1
cfi=(83) /build/glibc-qbmteM/glibc-2.21/setjmp/../sysdeps/x86_64/setjmp.S
cfn=(344) __sigsetjmp
calls=1 -6 
* 28

fl=(104) /build/glibc-qbmteM/glibc-2.21/stdio-common/_itoa.c
fn=(448) _itoa_word
168 4
+2 2
+9 62
+9 2

fl=(66) /build/glibc-qbmteM/glibc-2.21/gmon/gmon.c
fn=(482) _mcleanup
424 1
+1 2
cfn=(314) moncontrol
calls=1 81 
* 114
+2 2
+1 1
cfn=(484) write_gmon
calls=1 -87 
* 1515
+3 1
+1 1
-1 1
cfi=(67) /build/glibc-qbmteM/glibc-2.21/malloc/malloc.c
cfn=(462) free
calls=1 2916 
* 129
cob=(1)
cfi=(62)
cfn=(252)
calls=1 58 
* 633
* 5

fn=(314)
81 4
-4 2
+7 4
+9 5
cfi=(77) /build/glibc-qbmteM/glibc-2.21/gmon/../sysdeps/posix/profil.c
cfn=(316) profil
calls=1 -29 
* 101
+1 1
+2 4
-9 5
cfi=(77)
cfn=(316)
calls=1 -23 
* 179
+1 2

fn=(484)
341 1
+8 1
-8 7
+8 1
cfi=(109)
cfn=(486)
calls=1 35 
* 368
+1 1
-1 1
+1 1
+10 5
cfi=(106) /build/glibc-qbmteM/glibc-2.21/io/../sysdeps/unix/syscall-template.S
cfn=(490) __open_nocancel
calls=1 81 
* 5
+2 1
-2 1
+2 1
+23 1
+2 1
+1 2
-3 1
+1 1
+1 1
+1 1
cfi=(106)
cfn=(456) __write_nocancel
calls=1 81 
* 5
183 1
-2 1
+2 5
+51 3
+14 1
-3 2
+1 1
+3 2
-6 2
+5 31
-3 62
+1 31
+3 62
-6 62
+10 1
+1 2
+27 1
-28 1
+1 1
-1 1
+1 2
+2 328
+5 8
-1 16
+4 8
-2 16
+13 8
-1 8
+1 32
+1 16
+1 24
+2 16
-2 48
+2 8
-25 228
+32 2
+1 6
+31 1
-17 1
+25 1
-29 1
+4 1
+20 1
-20 2
+17 1
-7 1
+1 1
-1 1
+1 1
-1 1
+1 1
-1 1
+1 1
+6 1
+81 3
+1 8
194 3
+22 1
-22 1
+24 1
-24 5
+22 1
+2 1
+1 1
cfi=(80)
cfn=(322)
calls=1 27 
* 3
+1 1
+3 2
-4 1
+1 2
+3 1
-3 3
+3 1
-2 1
+2 3

fn=(276) monstartup
104 2
+9 1
-9 2
+10 1
+13 1
-14 1
+1 1
-10 1
+9 1
+2 1
-1 1
+3 1
-2 1
+9 1
+3 1
-11 1
-1 1
+1 1
+11 1
-11 1
+10 1
+1 2
-11 2
+11 1
+1 2
+1 3
+5 1
-2 1
+2 2
cfi=(67)
cfn=(284) calloc
calls=1 3155 
* 59071
cob=(1)
cfi=(62)
cfn=(252)
calls=1 -76 
* 648
* 5
+1 2
+15 1
-7 1
-1 1
+9 1
-7 1
+1 1
+6 1
-3 1
-3 1
+24 1
-18 1
+3 11
+18 1
-1 1
+1 4
-1 1
cfn=(314)
calls=1 -90 
* 193

fl=(47)
fn=(184)
30 1
-1 1
+1 6
fi=(45) /build/glibc-qbmteM/glibc-2.21/time/../sysdeps/generic/dl-hash.h
+18 3
+1 2
+13 2
-17 3
+3 9
+1 6
+13 6
-17 9
+22 1
fe=(47)
-37 2
+3 2
-3 1
+3 1
cfi=(46) /build/glibc-qbmteM/glibc-2.21/elf/../sysdeps/unix/sysv/linux/dl-vdso.c
cfn=(180) _dl_vdso_vsym
calls=1 -6 
* 6
+1 3
+1 2

fl=(93) /build/glibc-qbmteM/glibc-2.21/stdlib/../stdlib/strtol_l.c
fn=(386) ____strtol_l_internal
231 9
+26 1
-12 1
+12 1
+28 1
-35 1
+38 4
+9 6
+2 2
+5 2
+5 1
-6 1
+6 1
+4 2
+10 2
+10 4
530 8
330 2
-79 1
375 1
+3 2
+61 1
-56 1
-5 1
+1 3
+60 3
+16 1
+22 1
-38 4
+16 2
-16 1
+2 3
-4 14
+2 26
+2 24
+28 21
+3 28
+5 7
+1 29
+5 2
+5 2
+6 2
+3 3
-2 3
+17 2
318 3

fl=(83)
fn=(344)
26 1
+9 1
+1 2
+1 1
+4 1
+1 1
+1 1
+1 1
+1 1
+2 2
+2 1
+1 1
+1 1
+2 2
+2 1
+9 1
cfi=(84) /build/glibc-qbmteM/glibc-2.21/setjmp/sigjmp.c
cfn=(346) __sigjmp_save
calls=1 -35 
* 9

fl=(67)
fn=(302) _int_malloc
3296 14
+30 16
+8 4
+37 4
+44 12
+1 4
+1 2
cfn=(304) malloc_consolidate
calls=1 4111 
* 651
3784 2
+2 4
-2 2
+2 4
-2 2
+2 16
4959 2
3786 36
4959 4
3436 10
3570 4
+73 4
+1 4
+1 4
+1 4
+1 4
+5 12
+4 6
+3 4
-3 3
3759 2
+3 2
-2 6
+2 4
+17 4
+21 18
3572 6
+3 6
3415 19
-89 2
2272 10
+11 2
-11 2
+11 5
+15 5
+6 2
+66 1
-9 1
+9 3
-9 1
+9 3
+9 3
2701 2
+1 1
+5 2
+3 2
+5 1
-3 1
+3 1
-2 1
+2 3
-1 1
+1 1
+1 1
-1 2
+3 1
-2 1
3795 4
1863 6
3760 1
-1 1
2273 2
2453 1
-19 1
+8 1
+11 1
-19 1
+19 4
-11 1
+11 2
+8 1
-8 1
+8 1
+2 3
cfi=(73)
cfn=(306)
calls=1 46 
* 61
* 1
+1 1
+3 2
+3 2
+1 2
+19 1
+27 2
+1 1
+1 2
+6 1
-6 1
+6 1
-31 2
+34 6
+42 3
+19 1
+3 3
+1 3
+2 1
-2 1
+2 1
+1 3
cfi=(73)
cfn=(306)
calls=1 46 
* 25
+12 1
-12 1
+12 1
+8 3
+1 2
+38 1
+2 1
-1 1
-1 1
+1 3
+12 1
-12 1
+1 1
+11 1
-98 3
2306 7
cfi=(94)
cfn=(396)
calls=1 81 
* 6
+2 2
+15 3
+15 3
+5 3
+1 5
+3 3
+1 5

fn=(394) malloc
2880 3
+5 2
+1 2
+3 3
+2 8
+4 3
cfn=(302)
calls=1 3296 
* 192
+1 1
-1 1
+1 1
+11 4
+1 4
+3 4

fn=(496) _int_free
3808 8
+13 1
-13 1
+13 2
+6 4
+1 2
+11 4
+13 3
4072 8
3927 2
+1 3
+15 2
+8 3
+6 2
+1 2
+1 2
1870 3
3968 2
+7 2
+65 2
+1 2
+3 2
+2 1
-2 1
3929 6
+8 1
-4 1
+4 3
-7 2
4060 3
+1 3
+1 5
-41 1
+1 3
+1 2
-78 3
-2 2
4046 4

fn=(284)
3155 1
+13 1
-13 3
+10 1
+3 1
+2 1
-15 1
+10 1
+5 2
+8 2
+1 2
3288 5
-25 1
cfi=(76)
cfn=(312)
calls=1 53 
* 282
-81 3
cfi=(68) /build/glibc-qbmteM/glibc-2.21/malloc/hooks.c
cfn=(286) malloc_hook_ini
calls=1 29 
* 58759
+4 1
-3 1
+3 2
-3 1

fn=(462)
2916 10
+5 4
+1 4
+6 4
+5 2
-2 2
+2 4
+16 3
+1 2
cfn=(496)
calls=1 3808 
* 103
+1 6
-15 3
+2 4
+2 1
+1 1
-1 1
+1 1
+1 2
2811 2
+1 1
+6 1
-7 1
+7 6
+7 1
+1 3
+5 2
cfi=(94)
cfn=(464)
calls=1 81 
* 5
2951 6

fn=(304)
4111 2
4953 4
1789 3
-3 2
+3 378
-3 252
+7 3
+5 1
+2 1
-2 2
-1 3

fl=(81) /build/glibc-qbmteM/glibc-2.21/time/../sysdeps/unix/syscall-template.S
fn=(324) setitimer
81 8
+1 2

fl=(107) /build/glibc-qbmteM/glibc-2.21/stdlib/exit.c
fn=(466) exit
104 1
-1 1
+1 2
cfn=(468) __run_exit_handlers
calls=1 -69 
* 6006

fn=(468)
35 8
+5 1
cfi=(108) /build/glibc-qbmteM/glibc-2.21/stdlib/cxa_thread_atexit_impl.c
cfn=(470) __call_tls_dtors
calls=1 +42 
* 1032
* 1
+6 11
+4 9
+3 2
-1 2
+2 10
+33 1
+1 1
-1 1
+1 1
+6 2
+1 5
cfi=(101) /build/glibc-qbmteM/glibc-2.21/libio/genops.c
cfn=(540) _IO_cleanup
calls=1 1010 
* 256
* 3
+2 2
cfi=(114) /build/glibc-qbmteM/glibc-2.21/posix/../sysdeps/unix/sysv/linux/_exit.c
cfn=(550) _Exit
calls=1 -69 
* 5
-19 2
+4 2
-4 2
+2 2
+2 2
-2 4
+2 2
cob=(1)
cfi=(111)
cfn=(498)
calls=1 +49 
* 1303
cfi=(66)
cfn=(482)
calls=1 424 
* 2405
cob=(1)
cfi=(62)
cfn=(252)
calls=1 -24 
* 922
* 5
+1 2

fl=(58)
fn=(236) intel_check_word
162 8
+6 4
-7 20
+7 16
-7 4
+7 4
+2 4
-2 4
+2 12
+2 4
+2 8
-2 6
+2 12
+8 20
+51 16
fi=(59) /build/glibc-qbmteM/glibc-2.21/string/../bits/stdlib-bsearch.h
27 8
+1 16
+3 16
+1 8
fe=(58)
150 16
fi=(59)
31 12
+1 6
fe=(58)
150 12
+3 54
fi=(59)
29 44
+2 44
-2 44
+2 80
+1 40
fe=(58)
150 80
293 8
170 16
-6 2
298 24
fi=(59)
37 10
-8 24
fe=(58)
194 6
+3 6
+4 4
+2 4
+1 4
-1 4
+1 6
+2 2
-1 2
+1 3
-12 2
+12 2
+1 10
+1 10
+1 6
+17 3
-32 9
+3 9
+4 6
+2 12
+1 6
+1 6
+1 6
+5 2
+2 4
+2 2
+3 2
-3 4
+2 2
-1 2
+1 6
-1 8
-1 4

fn=(234) handle_intel
304 4
-1 4
+17 2
-17 12
+14 2
+1 4
-3 6
+23 10
cfn=(236)
calls=2 162 
* 646
+1 4
+3 10
cfn=(236)
calls=2 162 
* 224
+1 4
-17 4
+5 2
-5 4
+5 2
+2 2
+1 2
-1 4
+27 16

fn=(232)
561 1
-13 3
+13 2
+7 2
+2 3
cfn=(234)
calls=1 304 
* 438
+4 2
-4 1
+4 1
cfn=(234)
calls=1 304 
* 530
+2 1
-2 1
-1 1
+3 1
+29 1
-18 1
+18 3
+7 2
+9 4
-9 4
+9 12
-9 12
+6 4
-6 4
+6 4
+49 4
+1 4
+74 2
+2 1
+1 1
+2 1
-3 1
+5 1
-5 1
+4 3
+4 2
+2 1
+1 1
+2 1
-3 1
+5 1
-5 1
+4 2
+3 1
-3 1
+3 3
623 1
+6 5
+7 5
+4 1
-2 1
+2 1
-4 4
+4 1
-2 1
+2 5
+2 2
-6 2
+6 2
+5 1
+2 2
+1 1
-1 3
+1 1
+5 2

fl=(103) /build/glibc-qbmteM/glibc-2.21/io/../sysdeps/unix/sysv/linux/wordsize-64/fxstat.c
fn=(440) _fxstat
34 1
-1 1
+1 1
+1 6
+4 1

fl=(84)
fn=(346)
29 2
-1 2
+1 2
+5 3

fl=(92)
fn=(384)
109 4
cfi=(93)
cfn=(386)
calls=1 231 
* 240

fl=(60)
fn=(240)
33 3
+1 1

fl=(52)
fn=(220)
52 8
+6 3
+14 1
fi=(54) /build/glibc-qbmteM/glibc-2.21/csu/../sysdeps/unix/sysv/linux/x86_64/init-first.c
-34 1
fe=(52)
+32 1
+1 1
fi=(54)
-33 3
fe=(52)
+34 1
fi=(54)
-34 3
fi=(53) /build/glibc-qbmteM/glibc-2.21/csu/../sysdeps/generic/dl-hash.h
+10 3
+1 2
+13 2
-17 3
+3 9
+1 6
+13 6
-17 9
+22 1
fi=(54)
-29 2
+2 2
-2 1
+2 2
cfi=(46)
cfn=(180)
calls=1 -13 
* 6
+1 2
+5 2
-3 2
+1 1
+2 1
cfi=(46)
cfn=(180)
calls=1 -19 
* 6
+4 2
fe=(52)
+36 1
fi=(54)
-36 1
fe=(52)
+36 2
fi=(54)
-35 2
+1 1
fe=(52)
+34 1
cfi=(55) /build/glibc-qbmteM/glibc-2.21/misc/init-misc.c
cfn=(226) __init_misc
calls=1 -55 
* 48
+8 1
cfi=(57)
cfn=(230)
calls=1 -63 
* 16
+5 6
-34 1
-7 1
+7 4
fi=(54)
-23 2
fe=(52)

fl=(100) /build/glibc-qbmteM/glibc-2.21/libio/fileops.c
fn=(444) _IO_do_write@@GLIBC_2.2.5
482 6
+1 1
-3 8
+11 2
+7 4
+8 5
cfn=(452) _IO_file_write@@GLIBC_2.2.5
calls=1 1244 
* 44
* 1
+1 5
+6 1
-4 1
+4 1
-4 3
+1 2
+3 1
-31 2
+29 1
-29 2
+1 6
+29 2

fn=(432) _IO_file_overflow@@GLIBC_2.2.5
795 24
+1 8
-1 8
+1 16
+7 52
+35 16
+3 12
+3 18
+1 18
+1 12
+4 6
+1 24
-45 2
+12 2
+9 4
+4 1
+3 1
-2 1
+2 1
-2 1
-3 1
+5 1
+1 2
-5 1
+5 4
+1 2
+3 2
+1 2
+11 6
-12 2
cfn=(444)
calls=2 482 
* 98
-31 2
cfi=(101)
cfn=(434) _IO_doallocbuf
calls=1 415 
* 113
+1 6

fn=(544) _IO_file_setbuf@@GLIBC_2.2.5
438 2
+1 1
cfi=(101)
cfn=(546) _IO_default_setbuf
calls=1 557 
* 51
* 2
+4 2
-1 2
+2 3
+2 1
+1 2

fn=(430) _IO_file_xsputn@@GLIBC_2.2.5
1268 6
+7 3
-7 18
+6 6
+7 18
+17 4
+4 5
+5 10
cfi=(105) /build/glibc-qbmteM/glibc-2.21/string/../sysdeps/x86_64/memcpy.S
cfn=(450) __GI_mempcpy
calls=2 61 
* 40
* 2
+6 2
-1 2
+1 4
+2 4
+27 6
+1 24
-45 2
+17 2
+4 8
cfn=(432)
calls=2 795 
* 283
* 4
+6 4
+1 12
+2 6
+11 4
+1 4
cfi=(101)
cfn=(446) _IO_default_xsputn
calls=1 451 
* 309
* 2
-57 6
+1 4
+3 6
+2 19
-2 12
+4 4

fn=(438) _IO_file_stat
1217 1
+1 3
cfi=(103)
cfn=(440)
calls=1 34 
* 10

fn=(452)
1244 7
+2 5
+11 1
+1 1
-12 2
+5 1
-1 3
+1 2
cfi=(106)
cfn=(454) write
calls=1 81 
* 8
+1 2
+9 3
+3 9

fn=(548) _IO_file_sync@@GLIBC_2.2.5
856 1
+5 1
-5 1
+5 3
+2 1
+1 2
+17 2
+4 2

fl=(42)
fn=(182)
140 1
+1 1
+4 1
+1 1
+1 1
+11 1

fn=(172)
114 1
+1 1
+1 1
cfi=(43)
cfn=(174)
calls=1 -62 
* 93
+3 1
+1 1
+1 1
+11 1

fl=(77)
fn=(406) __profil_counter
40 6476
+5 3238
-5 12952
+5 22666
+2 6476
+1 3416
fi=(96) /build/glibc-qbmteM/glibc-2.21/gmon/../sysdeps/unix/sysv/linux/x86_64/profil-counter.h
-18 3238
fe=(77)

fn=(316)
64 12
+9 4
+13 5
+5 1
+15 1
+3 1
-2 2
-5 3
+7 14
-8 1
+1 1
+1 1
+1 1
+2 1
+3 1
cfi=(78)
cfn=(318)
calls=1 -72 
* 106
* 2
+3 1
+1 1
cfi=(80)
cfn=(322)
calls=1 -86 
* 3
* 2
+2 1
-2 1
+2 1
-2 3
+1 3
+1 1
-1 1
+1 1
cfi=(81)
cfn=(324)
calls=1 -34 
* 5
+1 6
-38 1
-2 2
+4 4
cfi=(81)
cfn=(324)
calls=1 +1 
* 5
* 2
+3 3
-1 1
+1 1
cfi=(78)
cfn=(318)
calls=1 -46 
* 68
+33 6

fl=(105)
fn=(450)
61 2
+4 2
+3 2
+1 2
+2 2
+1 2
+2 2
+1 2
+5 2
+1 2
+11 2
+1 2
+2 1
+1 1
+2 1
+1 1
+5 1
+1 1
-1 1
+1 1
+11 2
+1 2
+21 2
+4 2

fl=(46)
fn=(180)
27 10
+4 10
-3 10

fl=(74)
fn=(308)
34 2
+8 2
-8 6
+8 9
+4 4
+4 4
+3 1
cfi=(75)
cfn=(310)
calls=1 -22 
* 13
* 2
+4 10
-14 2
cfi=(75)
cfn=(310)
calls=1 -12 
* 13
* 4

fl=(106)
fn=(456)
81 11

fn=(490)
81 5

fn=(454)
81 2
cfn=(456)
calls=1 * 
* 6

fl=(114)
fn=(550)
28 2
+4 1
+2 2

fl=(56) /build/glibc-qbmteM/glibc-2.21/string/../sysdeps/x86_64/strrchr.S
fn=(228) rindex
24 1
+1 1
+1 1
+1 1
+1 1
+1 1
+1 1
+1 1
+1 1
+1 1
+1 1
+1 1
+1 1
+1 1
+1 1
+1 1
+1 1
+1 1
+1 1
+1 1
+1 1
+1 1
+1 1
+1 1

fl=(90) /build/glibc-qbmteM/glibc-2.21/stdlib/random_r.c
fn=(374) srandom_r
172 2
+2 1
+1 2
+3 1
+2 3
+3 1
-1 1
+1 1
-19 2
+25 1
-25 1
+30 1
-30 1
+24 1
+1 1
-1 1
+1 2
+5 7
+2 1
-1 2
+1 2
+2 3
+1 1
-10 3
+5 203
+2 29
-1 58
+1 58
+2 87
+1 29
-10 87
+13 2
+1 2
-1 2
+2 1
+1 4
+3 2
-3 1
+3 1
cfn=(376) random_r
calls=1 366 
* 26
* 618
-3 309
+3 309
cfn=(376)
calls=309 366 
* 8024
-3 620
+11 1
-4 1
+4 4

fn=(376)
366 20001240
+5 5000310
-2 5000310
+2 10000620
+9 5000310
+1 5000310
+1 5000310
+3 10000620
+3 5000310
-3 5000310
+2 5000310
+2 5000310
-2 5000310
+5 5000310
-3 5000310
-20 4839010
+31 4839010
-31 4839010
+34 4839010
-2 9678020
-32 161300
+32 161300
-1 161300
+3 322600

fl=(102) /build/glibc-qbmteM/glibc-2.21/libio/filedoalloc.c
fn=(436) _IO_file_doallocate
96 5
+15 6
cfi=(100)
cfn=(438)
calls=1 1217 
* 14
* 2
+2 4
+11 6
+4 6
cfi=(94)
cfn=(396)
calls=1 -47 
* 6
* 2
+1 5
cfi=(101)
cfn=(442) _IO_setb
calls=1 399 
* 21
+1 1
+1 5
-13 1
fi=(116) /build/glibc-qbmteM/glibc-2.21/libio/../sysdeps/unix/sysv/linux/sys/sysmacros.h
-77 6
fe=(102)
+77 1
-2 2
+5 2

fl=(64) /build/glibc-qbmteM/glibc-2.21/csu/libc-start.c
fn=(258) (below main)
134 7
+4 1
-4 3
+4 3
+80 1
-80 1
+80 1
+1 4
cfi=(65) /build/glibc-qbmteM/glibc-2.21/stdlib/cxa_atexit.c
cfn=(260) __cxa_atexit
calls=1 57 
* 61
+22 4
+3 2
+1 5
cob=(5)
cfi=(61)
cfn=(264) __libc_csu_init
calls=1 0 
* 61920
+4 4
+15 2
+12 2
cfi=(82)
cfn=(342)
calls=1 30 
* 30
+1 2
+5 2
+1 2
+3 2
+3 6
cob=(5)
cfi=(61)
cfn=(348) main
calls=1 0 
* 4168587446
+34 2
cfi=(107)
cfn=(466)
calls=1 104 
* 6010
138 2

fl=(97) /build/glibc-qbmteM/glibc-2.21/stdio-common/printf.c
fn=(424) printf
28 8
+4 1
-4 1
+5 1
-1 5
+1 3
cfi=(98) /build/glibc-qbmteM/glibc-2.21/stdio-common/vfprintf.c
cfn=(426) vfprintf
calls=1 222 
* 1272
+4 2

fl=(55)
fn=(226)
31 2
-1 3
+1 4
+2 3
cfi=(56)
cfn=(228)
calls=1 -9 
* 24
+4 5
+1 3
+2 4

fl=(101)
fn=(434)
415 2
-1 3
+3 4
+1 3
cfi=(102)
cfn=(436)
calls=1 96 
* 95
* 2
+3 4

fn=(540)
1010 2
+3 1
-3 2
-48 1
+48 1
+3 1
cfn=(542) _IO_flush_all_lockp
calls=1 822 
* 89
-63 1
+63 1
-63 3
+2 9
+2 2
-1 4
+3 4
+6 16
+8 2
+13 3
+1 8
+6 1
-40 3
+40 2
-40 6
+75 7
-55 3
+2 1
+5 1
-5 1
+2 1
+1 1
-1 1
+2 1
+1 1
-1 1
+1 1
+3 5
cfi=(100)
cfn=(544)
calls=1 438 
* 66
+3 3

fn=(442)
399 5
+1 4
+3 1
+2 4
-3 1
+3 2
+3 4

fn=(542)
822 8
+6 3
+11 2
-1 3
-1 3
+1 3
+3 9
+10 6
+4 3
-2 3
+2 6
+7 3
-27 6
+31 3
+2 2
+4 9
-38 1
-6 1
+5 1
+2 2
+6 12

fn=(446)
451 1
-1 1
-3 6
+3 5
+5 28
+25 44
cfi=(100)
cfn=(432)
calls=6 795 
* 186
* 12
+2 6
-2 6
+3 6
+1 2
+1 6

fn=(546)
557 4
+1 1
-1 2
+1 1
cfi=(100)
cfn=(548)
calls=1 856 
* 13
* 2
+9 1
-7 1
+7 1
-7 1
407 1
-5 1
+1 1
+4 1
570 1
+2 1
-2 2
+1 3
+2 4
400 1
562 1
+1 1
-1 1
+1 1
400 4

fl=(44)
fn=(176)
30 2
-1 2
+1 12
fi=(45)
+18 6
+1 4
+13 4
-17 6
+3 18
+1 12
+13 12
-17 18
+22 2
fe=(44)
-37 4
+2 4
-2 2
+2 2
cfi=(46)
cfn=(180)
calls=2 -5 
* 12
* 6
+1 4

fl=(89)
fn=(404)
293 5000000
+3 30000000
+2 15000000
cfi=(90)
cfn=(376)
calls=5000000 +68 
* 129838710
+2 20000000
+2 5000000
+1 10000000

fn=(372) srand
210 2
+1 6
+1 3
cfi=(90)
cfn=(374)
calls=1 -40 
* 10520
+1 4
+1 2

fl=(69) /build/glibc-qbmteM/glibc-2.21/malloc/arena.c
fn=(288) ptmalloc_init.part.7
356 6
+13 1
-8 1
+8 1
+7 2
+1 2
-1 1
+1 10
cfi=(72) /build/glibc-qbmteM/glibc-2.21/nptl/register-atfork.c
cfn=(298) __linkin_atfork
calls=1 118 
* 9
+2 5
+16 2
-58 53
-18 162
+2 106
+1 4
+1 4
440 2
+6 2
+1 2
+2 1
+1 7
-80 5
cfi=(70)
cfn=(290)
calls=1 126 
* 57326
* 2
+1 4

fl=(68)
fn=(286)
29 2
fi=(69)
358 1
fe=(68)
29 2
fi=(69)
358 1
fe=(68)
30 1
fi=(69)
358 1
fe=(68)
30 1
fi=(69)
358 1
fi=(67)
2889 2
+2 8
+4 3
cfn=(302)
calls=1 3296 
* 992
+1 1
-1 1
+1 1
+11 4
+1 9
fe=(68)
33 5
cfi=(69)
cfn=(288)
calls=1 356 
* 57720
* 1
fi=(67)
2886 2
fe=(68)

fl=(98)
fn=(426)
222 8
+35 3
1278 4
+4 5
+11 5
+11 1
fi=(117) /build/glibc-qbmteM/glibc-2.21/stdio-common/printf-parse.h
108 2
fe=(98)
1304 5
fi=(117)
108 1
cfi=(99)
cfn=(428)
calls=1 -84 
* 20
fe=(98)
1319 1
fi=(117)
108 1
fe=(98)
1315 1
+4 2
+4 7
cfi=(100)
cfn=(430)
calls=1 -55 
* 536
* 3
2090 5
+3 1
+1 8
1319 7
+1 15
2090 5
+1 3
1323 2
+4 1
-4 1
+4 2
+4 2
2083 2
+2 3
+2 2
1331 3
270 1
-6 1
-3 1
1308 1
+23 1
1561 2
-21 3
2036 1
1300 1
227 2
1379 15
-3 1
-1 1
-17 1
+1 1
+1 1
+16 1
-15 1
+1 1
+1 1
+1 1
+1 1
+1 1
+1 1
+1 1
+3 1
+1 1
+7 2
1661 2
+8 1
fi=(117)
108 1
fe=(98)
1669 1
fi=(117)
108 1
fe=(98)
1669 1
fi=(117)
108 1
cfi=(99)
cfn=(428)
calls=1 -84 
* 20
fe=(98)
1673 1
-4 1
+4 7
cfi=(100)
cfn=(430)
calls=1 1268 
* 212
* 3
-10 1
+10 8
+2 2
-34 53
cfi=(100)
cfn=(430)
calls=1 1268 
* 97
* 19
cfi=(104)
cfn=(448)
calls=1 168 
* 70
* 56

fl=(72)
fn=(298)
118 2
+1 6
+2 1

fl=(108)
fn=(470)
82 3
+1 2
cob=(1)
cfi=(30)
cfn=(476)
calls=1 828 
* 11
cob=(1)
cfi=(62)
cfn=(252)
calls=1 -25 
* 1004
* 5
* 3
+18 4

fl=(65)
fn=(260)
57 10
-22 2
+22 2
-22 2
cfn=(262) __new_exitfn
calls=2 +38 
* 84
+2 4
+4 2
+3 2
+1 2
-4 4
+2 2
+4 2
+1 2
+11 8

fn=(262)
73 4
+6 2
-6 2
+6 2
-6 2
+6 8
+2 12
+2 6
+1 5
-3 1
+10 2
-10 2
+13 2
+25 1
+1 1
-1 1
+1 1
-1 1
+7 1
+1 1
+3 2
-4 1
+1 1
+3 6
+3 10
-49 3
-3 1
+31 1
+1 2

fl=(110)
fn=(488)
66 1
+1 1
+1 1
+1 1
+1 1
+1 1
+1 1
+2 1
+2 1
+30 1
+1 1
+1 1
+1 1
+1 1

ob=(6) /usr/lib/valgrind/callgrind-amd64-linux
fl=(88) ???
fn=(364) 0x0000000038083d2d
0 3

ob=(3)
fl=(110)
fn=(488)
111 1
+1 1

ob=(5)
fl=(61)
fn=(326) atexit
0 6
cob=(3)
cfi=(65)
cfn=(260)
calls=1 57 
0 67
cob=(1)
cfi=(62)
cfn=(252)
calls=1 58 
0 888
0 5

fn=(418) max
0 39999992
cob=(3)
cfi=(85)
cfn=(354)
calls=9999998 32 
0 479999912
0 9999998
0 69999986

fn=(334) 0x00000000004007d0
0 16

fn=(416) max2
0 19999996
cob=(3)
cfi=(85)
cfn=(354)
calls=4999999 32 
0 239999956
0 4999999
0 39999992
cfn=(418)
calls=4999999 0 
0 299999944
0 24999995
cfn=(418)
calls=4999999 0 
0 299999944
0 9999998

fn=(388) fill_array
0 5
cob=(3)
cfi=(85)
cfn=(354)
calls=1 32 
0 52
0 1
0 7
cob=(3)
cfi=(67)
cfn=(394)
calls=1 2880 
0 228
cob=(1)
cfi=(62)
cfn=(252)
calls=1 58 
0 798
0 5
0 30000003
cob=(3)
cfi=(95)
cfn=(402)
calls=5000000 26 
0 234838710
cob=(1)
cfi=(62)
cfn=(252)
calls=1 58 
0 760
0 5000004
0 105000008

fn=(244)
0 11
cob=(3)
cfi=(64)
cfn=(258)
calls=1 134 
0 4168655525
cob=(1)
cfi=(62)
cfn=(252)
calls=1 58 
0 955
0 5

fn=(264)
0 16
cob=(2)
cfi=(14)
cfn=(266)
calls=1 0 
0 61870
0 7
cfn=(334)
calls=1 0 
0 16
0 11

fn=(270)
0 8
cob=(3)
cfi=(66)
cfn=(276)
calls=1 104 
0 59985
cob=(1)
cfi=(62)
cfn=(252)
calls=1 58 
0 896
0 5
0 3
cfn=(326)
calls=1 0 
0 966

fn=(412) maxSubArraySum
0 6
cob=(3)
cfi=(85)
cfn=(354)
calls=1 32 
0 52
0 1
0 20
cfn=(414) maxCrossingSum
calls=1 0 
0 70007867
0 8
cfn=(413) maxSubArraySum'2
calls=1 0 
0 1861804620
0 7
cfn=(413)
calls=1 0 
0 1861917120
0 4
cfn=(416)
calls=1 0 
0 188
0 5

fn=(413)
0 59999988
cob=(3)
cfi=(85)
cfn=(354)
calls=9999998 32 
0 479999912
0 9999998
0 164999960
cfn=(414)
calls=4999998 0 
0 1923722294
0 39999984
cfn=(413)
calls=4999998 0 
0 28949796876
0 34999986
cfn=(413)
calls=4999998 0 
0 30011767756
0 19999992
cfn=(416)
calls=4999998 0 
0 939999636
0 49999990

fn=(506) 0x0000000000400730
0 8

fn=(414)
0 19999996
cob=(3)
cfi=(85)
cfn=(354)
calls=4999999 32 
0 239999956
0 4999999
0 1728730210

fn=(502)
0 5
cfn=(506)
calls=1 0 
0 8
0 3

fn=(348)
0 4
cob=(3)
cfi=(85)
cfn=(354)
calls=1 32 
0 32
cob=(1)
cfi=(62)
cfn=(252)
calls=1 58 
0 789
0 5
0 5
cob=(6)
cfi=(88)
cfn=(364)
calls=1 0 
0 3
cob=(1)
cfi=(62)
cfn=(252)
calls=1 58 
0 828
0 5
0 2
cob=(3)
cfi=(89)
cfn=(372)
calls=1 210 
0 10537
cob=(1)
cfi=(62)
cfn=(252)
calls=1 58 
0 774
0 5
0 5
cob=(3)
cfi=(91)
cfn=(382)
calls=1 26 
0 250
cob=(1)
cfi=(62)
cfn=(252)
calls=1 58 
0 768
0 5
0 6
cfn=(388)
calls=1 0 
0 374840581
0 7
cfn=(412)
calls=1 0 
0 3793729898
0 6
cob=(3)
cfi=(97)
cfn=(424)
calls=1 28 
0 1293
cob=(1)
cfi=(62)
cfn=(252)
calls=1 58 
0 798
0 5
0 3
cob=(3)
cfi=(67)
cfn=(462)
calls=1 2916 
0 56
cob=(1)
cfi=(62)
cfn=(252)
calls=1 58 
0 768
0 5
0 3

totals: 4168812895
